-- Generated by sw/modelo.py. Do not edit: change caso.py and run evaluar.py.
-- E: SWATINIT con el perfil celda a celda
RUNSPEC
TITLE
 E: SWATINIT con el perfil celda a celda
DIMENS
 1656 1 1 /
OIL
WATER
METRIC
TABDIMS
 1 1 30 20 /
EQLDIMS
 1 /
START
 1 'JAN' 2008 /
UNIFOUT

GRID
INIT
DX
 1656*1 /
DY
 1656*1 /
DZ
 0.5886 0.5886 0.5886 0.5886 0.5886 0.5886 0.5886 0.5886
 0.5886 0.5886 0.5890 0.5895 0.5895 0.5895 0.5895 0.5895
 0.5895 0.5895 0.5895 0.5895 0.5895 0.5895 0.5895 0.5895
 0.5895 0.5895 0.5895 0.5895 0.5895 0.5895 0.5895 0.5895
 0.5895 0.5895 0.5895 0.5895 0.5895 0.5895 0.5895 0.5895
 0.5895 0.5895 0.5895 0.5895 0.5895 0.5895 0.5895 0.5896
 0.5896 0.5896 0.5896 0.5896 0.5896 0.5896 0.5896 0.5896
 0.5896 0.5896 0.5896 0.5896 0.5896 0.5896 0.5896 0.5896
 0.5896 0.5896 0.5896 0.5896 0.5896 0.5896 0.5896 0.5896
 0.5896 0.5896 0.5896 0.5896 0.5896 0.5896 0.5896 0.5896
 0.5896 0.5896 0.5896 0.5896 0.5896 0.5896 0.5896 0.5896
 0.5896 0.5896 0.5919 0.5935 0.5935 0.5935 0.5935 0.5935
 0.5935 0.5935 0.5935 0.5935 0.5935 0.5935 0.5935 0.5935
 0.5935 0.5935 0.5935 0.5935 0.5935 0.5935 0.5935 0.5935
 0.5935 0.5935 0.5935 0.5935 0.5935 0.5935 0.5935 0.5935
 0.5935 0.5935 0.5935 0.5935 0.5935 0.5935 0.5935 0.5935
 0.5935 0.5935 0.5935 0.5938 0.5939 0.5939 0.5939 0.5939
 0.5939 0.5939 0.5939 0.5939 0.5939 0.5939 0.5939 0.5939
 0.5939 0.5939 0.5939 0.5939 0.5939 0.5939 0.5939 0.5939
 0.5939 0.5939 0.5939 0.5939 0.5939 0.5939 0.5939 0.5939
 0.5939 0.5939 0.5939 0.5939 0.5939 0.5939 0.5939 0.5939
 0.5939 0.5939 0.5939 0.5949 0.5955 0.5955 0.5955 0.5955
 0.5955 0.5955 0.5955 0.5955 0.5955 0.5955 0.5955 0.5955
 0.5955 0.5955 0.5955 0.5955 0.5955 0.5955 0.5955 0.5955
 0.5955 0.5955 0.5955 0.5955 0.5955 0.5955 0.5955 0.5955
 0.5955 0.5955 0.5955 0.5955 0.5955 0.5955 0.5955 0.5955
 0.5955 0.5955 0.5955 0.5976 0.6011 0.6011 0.6011 0.6011
 0.6011 0.6011 0.6011 0.6011 0.6011 0.6011 0.6011 0.6011
 0.6011 0.6011 0.6011 0.6011 0.6011 0.6011 0.6011 0.6011
 0.6011 0.6011 0.6011 0.6011 0.6011 0.6011 0.6011 0.6011
 0.6011 0.6011 0.6011 0.6011 0.6011 0.6011 0.6011 0.6011
 0.6011 0.6008 0.6006 0.6006 0.6006 0.6006 0.6006 0.6006
 0.6006 0.6006 0.6006 0.6006 0.6006 0.6006 0.6006 0.6006
 0.6006 0.6006 0.6006 0.6006 0.6006 0.6006 0.6006 0.6006
 0.6006 0.6006 0.6006 0.6006 0.6006 0.6006 0.6006 0.6006
 0.6006 0.6006 0.6006 0.6006 0.6006 0.6006 0.6006 0.6006
 0.6006 0.6006 0.6008 0.6010 0.6010 0.6010 0.6010 0.6010
 0.6010 0.6010 0.6010 0.6010 0.6010 0.6010 0.6010 0.6010
 0.6010 0.6010 0.6010 0.6010 0.6010 0.6010 0.6010 0.6010
 0.6010 0.6010 0.6010 0.6010 0.6010 0.6010 0.6010 0.6010
 0.6010 0.6010 0.6010 0.6010 0.6010 0.6010 0.6010 0.6010
 0.6010 0.6010 0.6027 0.6030 0.6030 0.6030 0.6030 0.6030
 0.6030 0.6030 0.6030 0.6030 0.6030 0.6030 0.6030 0.6030
 0.6030 0.6030 0.6030 0.6030 0.6030 0.6030 0.6030 0.6030
 0.6030 0.6030 0.6030 0.6030 0.6030 0.6030 0.6030 0.6030
 0.6030 0.6030 0.6030 0.6030 0.6030 0.6030 0.6030 0.6030
 0.6030 0.6034 0.6038 0.6038 0.6038 0.6038 0.6038 0.6038
 0.6038 0.6038 0.6038 0.3179 0.3179 0.3179 0.3179 0.3179
 0.3179 0.3179 0.3179 0.3179 0.3179 0.3179 0.3179 0.3070
 0.2948 0.2948 0.2948 0.2948 0.2948 0.2948 0.2948 0.2948
 0.2948 0.2948 0.2948 0.2948 0.2948 0.2948 0.2948 0.2948
 0.2948 0.2948 0.2948 0.2948 0.2948 0.2948 0.2948 0.2948
 0.2948 0.2948 0.2948 0.2948 0.2948 0.2948 0.2948 0.2948
 0.2948 0.2948 0.2948 0.2948 0.2948 0.2948 0.2948 0.2948
 0.2443 0.2427 0.2427 0.2427 0.2427 0.2427 0.2427 0.2427
 0.2427 0.2427 0.2427 0.2427 0.2427 0.2427 0.2427 0.2427
 0.2427 0.2427 0.2427 0.2427 0.2427 0.2427 0.2427 0.2427
 0.2427 0.2427 0.2427 0.2427 0.2427 0.2427 0.2427 0.2427
 0.2427 0.2427 0.2427 0.2427 0.2427 0.2427 0.2427 0.2427
 0.2132 0.1800 0.1800 0.1800 0.1800 0.1800 0.1800 0.1800
 0.1800 0.1800 0.1800 0.1800 0.1800 0.1800 0.1800 0.1800
 0.1800 0.1800 0.1800 0.1800 0.1800 0.1800 0.1800 0.1800
 0.1800 0.1800 0.1800 0.1800 0.1800 0.1800 0.1800 0.1800
 0.1800 0.1800 0.1800 0.1800 0.1800 0.1800 0.1800 0.1800
 0.1756 0.1180 0.1180 0.1180 0.1180 0.1180 0.1180 0.1180
 0.1180 0.1180 0.1180 0.1180 0.1180 0.1180 0.1180 0.1180
 0.1180 0.1180 0.1180 0.1180 0.1180 0.1180 0.1180 0.1180
 0.1180 0.1180 0.1180 0.1180 0.1180 0.1180 0.1180 0.1180
 0.1180 0.1180 0.1180 0.1180 0.1180 0.1180 0.1180 0.1180
 0.1073 0.0547 0.0547 0.0547 0.0547 0.0547 0.0547 0.0547
 0.0547 0.0547 0.0547 0.0547 0.0547 0.0547 0.0547 0.0547
 0.0547 0.0547 0.0547 0.0547 0.0547 0.0547 0.0547 0.0547
 0.0547 0.0547 0.0547 0.0547 0.0547 0.0547 0.0547 0.0547
 0.0547 0.0547 0.0547 0.0547 0.0547 0.0547 0.0547 0.0547
 0.0547 0.0500 0.0500 0.0500 0.0500 0.0500 0.0500 0.0500
 0.0500 0.0500 0.0500 0.0500 0.0500 0.0500 0.0500 0.0500
 0.0500 0.0500 0.0500 0.0500 0.0500 0.0500 0.0500 0.0500
 0.0500 0.0500 0.0500 0.0500 0.0500 0.0500 0.0500 0.0500
 0.0500 0.0500 0.0500 0.0500 0.0500 0.0500 0.0500 0.0500
 0.0500 0.0500 0.0500 0.0500 0.0500 0.0500 0.0500 0.0500
 0.0500 0.0500 0.0500 0.0500 0.0500 0.0500 0.0500 0.0500
 0.0500 0.0500 0.0500 0.0500 0.0500 0.0500 0.0500 0.0500
 0.0500 0.0500 0.0500 0.0500 0.0500 0.0500 0.0500 0.0500
 0.0500 0.0500 0.0500 0.0500 0.0500 0.0500 0.0500 0.0500
 0.0500 0.0500 0.0500 0.0500 0.0500 0.0500 0.0500 0.0500
 0.0500 0.0500 0.0500 0.0500 0.0500 0.0500 0.0500 0.0500
 0.0500 0.0500 0.0500 0.0500 0.0500 0.0500 0.0500 0.0500
 0.0500 0.0500 0.0500 0.0500 0.0500 0.0500 0.0500 0.0500
 0.0500 0.0500 0.0500 0.0500 0.0500 0.0500 0.0500 0.0500
 0.0500 0.0500 0.0500 0.0500 0.0500 0.0500 0.0500 0.0500
 0.0500 0.0500 0.0500 0.0500 0.0500 0.0500 0.0500 0.0500
 0.0500 0.0500 0.0500 0.0500 0.0500 0.0500 0.0500 0.0500
 0.0500 0.0500 0.0500 0.0500 0.0500 0.0500 0.0500 0.0500
 0.0500 0.0500 0.0500 0.0500 0.0500 0.0500 0.0500 0.0500
 0.0500 0.0500 0.0557 0.0661 0.0661 0.0661 0.0661 0.0661
 0.0661 0.0661 0.0661 0.0661 0.0661 0.0661 0.0661 0.0661
 0.0661 0.0661 0.0661 0.0661 0.0661 0.0661 0.0661 0.0661
 0.0661 0.0661 0.0661 0.0661 0.0661 0.0661 0.0661 0.0661
 0.0661 0.0661 0.0661 0.0661 0.0661 0.0661 0.0661 0.0661
 0.0661 0.0661 0.0661 0.0900 0.1170 0.1170 0.1170 0.1170
 0.1170 0.1170 0.1170 0.1170 0.1170 0.1170 0.1170 0.1170
 0.1170 0.1170 0.1170 0.1170 0.1170 0.1170 0.1170 0.1170
 0.1170 0.1170 0.1170 0.1170 0.1170 0.1170 0.1170 0.1170
 0.1170 0.1170 0.1170 0.1170 0.1170 0.1170 0.1170 0.1170
 0.1170 0.1170 0.1170 0.1170 0.1501 0.1511 0.1511 0.1511
 0.1511 0.1511 0.1511 0.1511 0.1511 0.1511 0.1511 0.1511
 0.1511 0.1511 0.1511 0.1511 0.1511 0.1511 0.1511 0.1511
 0.1511 0.1511 0.1511 0.1511 0.1511 0.1511 0.1511 0.1511
 0.1511 0.1511 0.1511 0.1511 0.1511 0.1511 0.1511 0.1511
 0.1511 0.1511 0.1511 0.1540 0.1921 0.1921 0.1921 0.1921
 0.1921 0.1921 0.1921 0.1921 0.1921 0.1921 0.1921 0.1921
 0.1921 0.1921 0.1921 0.1921 0.1921 0.1921 0.1921 0.1921
 0.1921 0.1921 0.1921 0.1921 0.1921 0.1921 0.1921 0.1921
 0.1921 0.1921 0.1921 0.1921 0.1921 0.1921 0.1921 0.1921
 0.1921 0.1921 0.1921 0.1921 0.2208 0.2349 0.2349 0.2349
 0.2349 0.2349 0.2349 0.2349 0.2349 0.2349 0.2349 0.2349
 0.2349 0.2349 0.2349 0.2349 0.2349 0.2349 0.2349 0.2349
 0.2349 0.2349 0.2349 0.2349 0.2349 0.2349 0.2349 0.2349
 0.2349 0.2349 0.2349 0.2349 0.2349 0.2349 0.2349 0.2349
 0.2349 0.2349 0.2349 0.2349 0.2430 0.2491 0.2491 0.2491
 0.2491 0.2491 0.2491 0.2491 0.2491 0.2491 0.2491 0.2491
 0.2491 0.2491 0.2491 0.2491 0.2491 0.2491 0.2491 0.2491
 0.2491 0.2491 0.2491 0.2491 0.2491 0.2491 0.2491 0.2491
 0.2491 0.2491 0.2491 0.2491 0.2491 0.2491 0.2491 0.2491
 0.2491 0.2491 0.2491 0.2491 0.2411 0.2321 0.2321 0.2321
 0.2321 0.2321 0.2321 0.2321 0.2321 0.2321 0.2321 0.2321
 0.2321 0.2321 0.2321 0.2321 0.2321 0.2321 0.2321 0.2321
 0.2321 0.2321 0.2321 0.2321 0.2321 0.2321 0.2321 0.2321
 0.2321 0.2321 0.2321 0.2321 0.2321 0.2321 0.2321 0.2321
 0.2321 0.2321 0.2321 0.2321 0.2179 0.2072 0.2072 0.2072
 0.2072 0.2072 0.2072 0.2072 0.2072 0.2072 0.2072 0.2072
 0.2072 0.2072 0.2072 0.2072 0.2072 0.2072 0.2072 0.2072
 0.2072 0.2072 0.2072 0.2072 0.2072 0.2072 0.2072 0.2072
 0.2072 0.2072 0.2072 0.2072 0.2072 0.2072 0.2072 0.2072
 0.2072 0.2072 0.2072 0.2072 0.2053 0.1811 0.1811 0.1811
 0.1811 0.1811 0.1811 0.1811 0.1811 0.1811 0.1811 0.1811
 0.1811 0.1811 0.1811 0.1811 0.1811 0.1811 0.1811 0.1811
 0.1811 0.1811 0.1811 0.1811 0.1811 0.1811 0.1811 0.1811
 0.1811 0.1811 0.1811 0.1811 0.1811 0.1811 0.1811 0.1811
 0.1811 0.1811 0.1811 0.1811 0.1811 0.1742 0.1721 0.1721
 0.1721 0.1721 0.1721 0.1721 0.1721 0.1721 0.1721 0.1721
 0.1721 0.1721 0.1721 0.1721 0.1721 0.1721 0.1721 0.1721
 0.1721 0.1721 0.1721 0.1721 0.1721 0.1721 0.1721 0.1721
 0.1721 0.1721 0.1721 0.1721 0.1721 0.1721 0.1721 0.1721
 0.1721 0.1721 0.1721 0.1721 0.1721 0.1775 0.1815 0.1815
 0.1815 0.1815 0.1815 0.1815 0.1815 0.1815 0.1815 0.1815
 0.1815 0.1815 0.1815 0.1815 0.1815 0.1815 0.1815 0.1815
 0.1815 0.1815 0.1815 0.1815 0.1815 0.1815 0.1815 0.1815
 0.1815 0.1815 0.1815 0.1815 0.1815 0.1815 0.1815 0.1815
 0.1815 0.1815 0.1815 0.1815 0.1815 0.1830 0.2029 0.2029
 0.2029 0.2029 0.2029 0.2029 0.2029 0.2029 0.2029 0.2029
 0.2029 0.2029 0.2029 0.2029 0.2029 0.2029 0.2029 0.2029
 0.2029 0.2029 0.2029 0.2029 0.2029 0.2029 0.2029 0.2029
 0.2029 0.2029 0.2029 0.2029 0.2029 0.2029 0.2029 0.2029
 0.2029 0.2029 0.2029 0.2029 0.2029 0.2029 0.2085 0.2357
 0.2357 0.2357 0.2357 0.2357 0.2357 0.2357 0.2357 0.2357
 0.2357 0.2357 0.2357 0.2357 0.2357 0.2357 0.2357 0.2357
 0.2357 0.2357 0.2357 0.2357 0.2357 0.2357 0.2357 0.2357
 0.2357 0.2357 0.2357 0.2357 0.2357 0.2357 0.2357 0.2357
 0.2357 0.2357 0.2357 0.2357 0.2357 0.2357 0.2357 0.2859
 0.2934 0.2934 0.2934 0.2934 0.2934 0.2934 0.2934 0.2934
 0.2934 0.2934 0.2934 0.2934 0.2934 0.2934 0.2934 0.2934
 0.2934 0.2934 0.2934 0.2934 0.2934 0.2934 0.2934 0.2934
 0.2934 0.2934 0.2934 0.2934 0.2934 0.2934 0.2934 0.2934
 0.2934 0.2934 0.2934 0.2934 0.2934 0.2934 0.2934 0.3052
 0.3628 0.3627 0.3628 0.3627 0.3628 0.3627 0.3628 0.3627
 0.3628 0.3627 0.3628 0.3627 0.3628 0.3627 0.3628 0.3627
 0.3628 0.3627 0.3628 0.3627 0.3628 0.3627 0.3628 0.3627
 0.3628 0.3627 0.3628 0.3627 0.3628 0.3627 0.3628 0.3627
 0.3628 0.3627 0.3628 0.3627 0.3628 0.3627 0.3628 0.3750
 0.4347 0.4347 0.4348 0.4347 0.4347 0.4347 0.4347 0.4348
 0.4347 0.4347 0.4347 0.4348 0.4347 0.4347 0.4347 0.4348
 0.4347 0.4347 0.4347 0.4347 0.4348 0.4347 0.4347 0.4347
 0.4348 0.4347 0.4347 0.4347 0.4347 0.4348 0.4347 0.4347
 0.4347 0.4348 0.4347 0.4347 0.4347 0.4347 0.4348 0.4472
 0.5082 0.5082 0.5082 0.5082 0.5082 0.5082 0.5082 0.5082
 0.5082 0.5082 0.5082 0.5082 0.5082 0.5082 0.5082 0.5082
 0.5082 0.5082 0.5082 0.5082 0.5082 0.5082 0.5082 0.5082
 0.5082 0.5082 0.5082 0.5082 0.5082 0.5082 0.5082 0.5082
 0.5082 0.5082 0.5082 0.5082 0.5082 0.5082 0.5082 0.5082
 0.5649 0.5734 0.5734 0.5734 0.5734 0.5734 0.5734 0.5734
 0.5734 0.5734 0.5734 0.5734 0.5734 0.5734 0.5734 0.5734
 0.5734 0.5734 0.5734 0.5734 0.5734 0.5734 0.5734 0.5734
 0.5734 0.5734 0.5734 0.5734 0.5734 0.5734 0.5734 0.5734
 0.5734 0.5734 0.5734 0.5734 0.5734 0.5734 0.5734 0.5734
 0.5885 0.6292 0.6292 0.6292 0.6292 0.6292 0.6292 0.6292
 0.6292 0.6292 0.6292 0.6292 0.6292 0.6292 0.6292 0.6292
 0.6292 0.6292 0.6292 0.6292 0.6292 0.6292 0.6292 0.6292
 0.6292 0.6292 0.6292 0.6292 0.6292 0.6292 0.6292 0.6292
 0.6292 0.6292 0.6292 0.6292 0.6292 0.6292 0.6292 0.6292
 0.6292 0.6768 0.6839 0.6839 0.6839 0.6839 0.6839 0.6839
 0.6839 0.6839 0.6839 0.6839 0.6839 0.6839 0.6839 0.6839
 0.6839 0.6839 0.6839 0.6839 0.6839 0.6839 0.6839 0.6839
 0.6839 0.6839 0.6839 0.6839 0.6839 0.6839 0.6839 0.6839
 0.6839 0.6839 0.6839 0.6839 0.6839 0.6839 0.6839 0.6839
 0.6839 0.7161 0.7403 0.7403 0.7403 0.7403 0.7403 0.7403
 0.7403 0.7403 0.7403 0.7403 0.7403 0.7403 0.7403 0.7403
 0.7403 0.7403 0.7403 0.7403 0.7403 0.7403 0.7403 0.7403
 0.7403 0.7403 0.7403 0.7403 0.7403 0.7403 0.7403 0.7403
 0.7403 0.7403 0.7403 0.7403 0.7403 0.7403 0.7403 0.7403
 0.7403 0.7472 0.7805 0.7805 0.7805 0.7805 0.7805 0.7805
 0.7805 0.7805 0.7805 0.7805 0.7805 0.7805 0.7805 0.7805
 0.7805 0.7805 0.7805 0.7805 0.7805 0.7805 0.7805 0.7805
 0.7805 0.7805 0.7805 0.7805 0.7805 0.7805 0.7805 0.7805
 0.7805 0.7805 0.7805 0.7805 0.7805 0.7805 0.7805 0.7805
 0.7805 0.7834 0.7974 0.7974 0.7974 0.7974 0.7974 0.7974
 0.7974 0.7974 0.7974 0.7974 0.7974 0.7974 0.7974 0.7974 /
TOPS
 2818.391 2818.979 2819.568 2820.157 2820.745 2821.334 2821.922 2822.511
 2823.100 2823.688 2824.277 2824.866 2825.455 2826.045 2826.634 2827.224
 2827.813 2828.403 2828.993 2829.582 2830.172 2830.761 2831.351 2831.940
 2832.530 2833.119 2833.709 2834.298 2834.888 2835.477 2836.067 2836.656
 2837.246 2837.835 2838.425 2839.015 2839.604 2840.194 2840.783 2841.373
 2841.962 2842.552 2843.141 2843.731 2844.320 2844.910 2845.499 2846.089
 2846.678 2847.268 2847.858 2848.447 2849.037 2849.626 2850.216 2850.805
 2851.395 2851.985 2852.574 2853.164 2853.753 2854.343 2854.932 2855.522
 2856.111 2856.701 2857.291 2857.880 2858.470 2859.059 2859.649 2860.238
 2860.828 2861.418 2862.007 2862.597 2863.186 2863.776 2864.365 2864.955
 2865.544 2866.134 2866.724 2867.313 2867.903 2868.492 2869.082 2869.671
 2870.261 2870.851 2871.439 2872.032 2872.625 2873.219 2873.812 2874.406
 2874.999 2875.593 2876.186 2876.780 2877.373 2877.967 2878.560 2879.154
 2879.747 2880.340 2880.934 2881.527 2882.121 2882.714 2883.308 2883.901
 2884.495 2885.088 2885.682 2886.275 2886.868 2887.462 2888.055 2888.649
 2889.242 2889.836 2890.429 2891.023 2891.616 2892.210 2892.803 2893.396
 2893.990 2894.583 2895.177 2895.770 2896.364 2896.958 2897.552 2898.146
 2898.740 2899.333 2899.927 2900.521 2901.115 2901.709 2902.303 2902.897
 2903.490 2904.084 2904.678 2905.272 2905.866 2906.460 2907.053 2907.647
 2908.241 2908.835 2909.429 2910.023 2910.617 2911.210 2911.804 2912.398
 2912.992 2913.586 2914.180 2914.774 2915.367 2915.961 2916.555 2917.149
 2917.743 2918.337 2918.930 2919.524 2920.119 2920.715 2921.310 2921.906
 2922.501 2923.097 2923.692 2924.288 2924.883 2925.479 2926.075 2926.670
 2927.266 2927.861 2928.457 2929.052 2929.648 2930.243 2930.839 2931.434
 2932.030 2932.625 2933.221 2933.816 2934.412 2935.007 2935.603 2936.198
 2936.794 2937.390 2937.985 2938.581 2939.176 2939.772 2940.367 2940.963
 2941.558 2942.154 2942.749 2943.344 2943.942 2944.544 2945.145 2945.746
 2946.347 2946.948 2947.549 2948.150 2948.751 2949.352 2949.954 2950.555
 2951.156 2951.757 2952.358 2952.959 2953.560 2954.161 2954.762 2955.364
 2955.965 2956.566 2957.167 2957.768 2958.369 2958.970 2959.571 2960.172
 2960.774 2961.375 2961.976 2962.577 2963.178 2963.779 2964.380 2964.981
 2965.582 2966.184 2966.784 2967.385 2967.986 2968.586 2969.187 2969.788
 2970.388 2970.989 2971.589 2972.190 2972.791 2973.391 2973.992 2974.593
 2975.193 2975.794 2976.394 2976.995 2977.596 2978.196 2978.797 2979.398
 2979.998 2980.599 2981.200 2981.800 2982.401 2983.001 2983.602 2984.203
 2984.803 2985.404 2986.005 2986.605 2987.206 2987.806 2988.407 2989.008
 2989.608 2990.209 2990.810 2991.410 2992.011 2992.612 2993.213 2993.814
 2994.416 2995.017 2995.618 2996.219 2996.820 2997.421 2998.022 2998.623
 2999.224 2999.825 3000.426 3001.027 3001.628 3002.229 3002.830 3003.431
 3004.032 3004.633 3005.234 3005.835 3006.436 3007.037 3007.638 3008.239
 3008.840 3009.441 3010.042 3010.643 3011.244 3011.845 3012.446 3013.047
 3013.648 3014.249 3014.850 3015.453 3016.056 3016.659 3017.262 3017.865
 3018.468 3019.071 3019.674 3020.277 3020.880 3021.483 3022.086 3022.689
 3023.292 3023.895 3024.498 3025.101 3025.704 3026.306 3026.909 3027.512
 3028.115 3028.718 3029.321 3029.924 3030.527 3031.130 3031.733 3032.336
 3032.939 3033.542 3034.145 3034.748 3035.351 3035.954 3036.557 3037.160
 3037.763 3038.366 3038.970 3039.574 3040.177 3040.781 3041.385 3041.989
 3042.592 3043.196 3043.800 2829.087 2829.405 2829.723 2830.041 2830.359
 2830.676 2830.994 2831.312 2831.630 2831.948 2832.266 2832.584 2832.907
 2833.209 2833.503 2833.798 2834.093 2834.388 2834.683 2834.977 2835.272
 2835.567 2835.862 2836.157 2836.452 2836.746 2837.041 2837.336 2837.631
 2837.926 2838.220 2838.515 2838.810 2839.105 2839.400 2839.694 2839.989
 2840.284 2840.579 2840.874 2841.169 2841.463 2841.758 2842.053 2842.348
 2842.643 2842.937 2843.232 2843.527 2843.822 2844.117 2844.412 2844.706
 2845.002 2845.245 2845.488 2845.731 2845.974 2846.216 2846.459 2846.702
 2846.944 2847.187 2847.430 2847.673 2847.915 2848.158 2848.401 2848.643
 2848.886 2849.129 2849.372 2849.614 2849.857 2850.100 2850.342 2850.585
 2850.828 2851.071 2851.313 2851.556 2851.799 2852.041 2852.284 2852.527
 2852.770 2853.012 2853.255 2853.498 2853.740 2853.983 2854.226 2854.469
 2854.726 2854.925 2855.105 2855.284 2855.464 2855.644 2855.824 2856.004
 2856.184 2856.364 2856.544 2856.724 2856.904 2857.084 2857.264 2857.444
 2857.624 2857.804 2857.984 2858.164 2858.344 2858.524 2858.704 2858.883
 2859.063 2859.243 2859.423 2859.603 2859.783 2859.963 2860.143 2860.323
 2860.503 2860.683 2860.863 2861.043 2861.223 2861.403 2861.583 2861.763
 2861.945 2862.118 2862.236 2862.354 2862.472 2862.590 2862.708 2862.827
 2862.945 2863.063 2863.181 2863.299 2863.417 2863.535 2863.653 2863.771
 2863.889 2864.007 2864.125 2864.243 2864.361 2864.479 2864.597 2864.715
 2864.833 2864.951 2865.069 2865.187 2865.305 2865.424 2865.542 2865.660
 2865.778 2865.896 2866.014 2866.132 2866.250 2866.368 2866.486 2866.604
 2866.727 2866.829 2866.884 2866.939 2866.993 2867.048 2867.103 2867.158
 2867.212 2867.267 2867.322 2867.376 2867.431 2867.486 2867.540 2867.595
 2867.650 2867.705 2867.759 2867.814 2867.869 2867.923 2867.978 2868.033
 2868.087 2868.142 2868.197 2868.252 2868.306 2868.361 2868.416 2868.470
 2868.525 2868.580 2868.634 2868.689 2868.744 2868.799 2868.853 2868.908
 2868.963 2869.008 2869.020 2869.031 2869.042 2869.054 2869.065 2869.077
 2869.088 2869.100 2869.111 2869.123 2869.134 2869.145 2869.157 2869.168
 2869.180 2869.191 2869.203 2869.214 2869.226 2869.237 2869.248 2869.260
 2869.271 2869.283 2869.294 2869.306 2869.317 2869.328 2869.340 2869.351
 2869.363 2869.374 2869.386 2869.397 2869.409 2869.420 2869.431 2869.443
 2869.454 2869.466 2869.474 2869.481 2869.489 2869.497 2869.505 2869.513
 2869.521 2869.529 2869.537 2869.545 2869.553 2869.561 2869.569 2869.577
 2869.585 2869.593 2869.601 2869.609 2869.617 2869.625 2869.633 2869.641
 2869.649 2869.657 2869.665 2869.673 2869.680 2869.688 2869.696 2869.704
 2869.712 2869.720 2869.728 2869.736 2869.744 2869.752 2869.760 2869.768
 2869.776 2869.784 2869.799 2869.815 2869.831 2869.846 2869.862 2869.878
 2869.894 2869.910 2869.926 2869.942 2869.958 2869.974 2869.989 2870.005
 2870.021 2870.037 2870.053 2870.069 2870.085 2870.101 2870.116 2870.132
 2870.148 2870.164 2870.180 2870.196 2870.212 2870.228 2870.243 2870.259
 2870.275 2870.291 2870.307 2870.323 2870.339 2870.355 2870.371 2870.386
 2870.402 2870.418 2870.437 2870.458 2870.479 2870.500 2870.521 2870.542
 2870.564 2870.585 2870.606 2870.627 2870.648 2870.669 2870.690 2870.711
 2870.732 2870.753 2870.774 2870.796 2870.817 2870.838 2870.859 2870.880
 2870.901 2870.922 2870.943 2870.964 2870.985 2871.007 2871.028 2871.049
 2871.070 2871.091 2871.112 2871.133 2871.154 2871.175 2871.196 2871.217
 2871.239 2871.260 2871.290 2871.351 2871.417 2871.483 2871.549 2871.615
 2871.681 2871.748 2871.814 2871.880 2871.946 2872.012 2872.078 2872.144
 2872.210 2872.276 2872.342 2872.409 2872.475 2872.541 2872.607 2872.673
 2872.739 2872.805 2872.871 2872.937 2873.003 2873.070 2873.136 2873.202
 2873.268 2873.334 2873.400 2873.466 2873.532 2873.598 2873.664 2873.731
 2873.797 2873.863 2873.929 2873.983 2874.085 2874.202 2874.319 2874.436
 2874.553 2874.670 2874.787 2874.904 2875.021 2875.138 2875.255 2875.372
 2875.489 2875.606 2875.724 2875.841 2875.958 2876.075 2876.192 2876.309
 2876.426 2876.543 2876.660 2876.777 2876.894 2877.011 2877.128 2877.245
 2877.362 2877.479 2877.596 2877.713 2877.830 2877.947 2878.064 2878.181
 2878.298 2878.415 2878.532 2878.649 2878.766 2878.917 2879.068 2879.219
 2879.370 2879.521 2879.672 2879.823 2879.974 2880.126 2880.277 2880.428
 2880.579 2880.730 2880.881 2881.032 2881.184 2881.335 2881.486 2881.637
 2881.788 2881.939 2882.090 2882.241 2882.393 2882.544 2882.695 2882.846
 2882.997 2883.148 2883.299 2883.450 2883.602 2883.753 2883.904 2884.055
 2884.206 2884.357 2884.508 2884.658 2884.813 2885.006 2885.198 2885.390
 2885.582 2885.774 2885.966 2886.158 2886.350 2886.542 2886.734 2886.926
 2887.118 2887.310 2887.503 2887.695 2887.887 2888.079 2888.271 2888.463
 2888.655 2888.847 2889.039 2889.231 2889.423 2889.615 2889.808 2890.000
 2890.192 2890.384 2890.576 2890.768 2890.960 2891.152 2891.344 2891.536
 2891.728 2891.920 2892.112 2892.305 2892.490 2892.717 2892.952 2893.187
 2893.422 2893.657 2893.892 2894.127 2894.362 2894.597 2894.832 2895.067
 2895.301 2895.536 2895.771 2896.006 2896.241 2896.476 2896.711 2896.946
 2897.181 2897.416 2897.651 2897.885 2898.120 2898.355 2898.590 2898.825
 2899.060 2899.295 2899.530 2899.765 2900.000 2900.235 2900.470 2900.704
 2900.939 2901.174 2901.409 2901.644 2901.876 2902.122 2902.371 2902.620
 2902.869 2903.119 2903.368 2903.617 2903.866 2904.115 2904.364 2904.613
 2904.862 2905.112 2905.361 2905.610 2905.859 2906.108 2906.357 2906.606
 2906.855 2907.105 2907.354 2907.603 2907.852 2908.101 2908.350 2908.599
 2908.848 2909.098 2909.347 2909.596 2909.845 2910.094 2910.343 2910.592
 2910.841 2911.091 2911.340 2911.589 2911.842 2912.079 2912.311 2912.543
 2912.775 2913.007 2913.239 2913.472 2913.704 2913.936 2914.168 2914.400
 2914.632 2914.864 2915.096 2915.328 2915.560 2915.792 2916.024 2916.257
 2916.489 2916.721 2916.953 2917.185 2917.417 2917.649 2917.881 2918.113
 2918.345 2918.577 2918.809 2919.041 2919.274 2919.506 2919.738 2919.970
 2920.202 2920.434 2920.666 2920.898 2921.136 2921.348 2921.555 2921.762
 2921.970 2922.177 2922.384 2922.591 2922.798 2923.005 2923.213 2923.420
 2923.627 2923.834 2924.041 2924.248 2924.455 2924.663 2924.870 2925.077
 2925.284 2925.491 2925.698 2925.906 2926.113 2926.320 2926.527 2926.734
 2926.941 2927.149 2927.356 2927.563 2927.770 2927.977 2928.184 2928.392
 2928.599 2928.806 2929.013 2929.220 2929.428 2929.633 2929.814 2929.995
 2930.176 2930.357 2930.538 2930.720 2930.901 2931.082 2931.263 2931.444
 2931.625 2931.806 2931.988 2932.169 2932.350 2932.531 2932.712 2932.893
 2933.074 2933.256 2933.437 2933.618 2933.799 2933.980 2934.161 2934.342
 2934.523 2934.705 2934.886 2935.067 2935.248 2935.429 2935.610 2935.791
 2935.973 2936.154 2936.335 2936.516 2936.697 2936.879 2937.053 2937.225
 2937.397 2937.569 2937.741 2937.913 2938.085 2938.258 2938.430 2938.602
 2938.774 2938.946 2939.118 2939.290 2939.462 2939.635 2939.807 2939.979
 2940.151 2940.323 2940.495 2940.667 2940.840 2941.012 2941.184 2941.356
 2941.528 2941.700 2941.872 2942.045 2942.217 2942.389 2942.561 2942.733
 2942.905 2943.077 2943.250 2943.422 2943.594 2943.764 2943.943 2944.125
 2944.306 2944.488 2944.669 2944.851 2945.032 2945.214 2945.395 2945.577
 2945.758 2945.940 2946.121 2946.303 2946.484 2946.666 2946.847 2947.029
 2947.210 2947.392 2947.573 2947.755 2947.936 2948.118 2948.299 2948.480
 2948.662 2948.843 2949.025 2949.206 2949.388 2949.569 2949.751 2949.932
 2950.114 2950.295 2950.477 2950.658 2950.840 2951.020 2951.204 2951.407
 2951.610 2951.813 2952.016 2952.219 2952.422 2952.625 2952.828 2953.031
 2953.234 2953.436 2953.639 2953.842 2954.045 2954.248 2954.451 2954.654
 2954.857 2955.060 2955.263 2955.466 2955.669 2955.872 2956.075 2956.278
 2956.480 2956.683 2956.886 2957.089 2957.292 2957.495 2957.698 2957.901
 2958.104 2958.307 2958.510 2958.713 2958.916 2959.119 2959.319 2959.530
 2959.766 2960.002 2960.237 2960.473 2960.709 2960.944 2961.180 2961.416
 2961.652 2961.887 2962.123 2962.359 2962.595 2962.830 2963.066 2963.302
 2963.538 2963.773 2964.009 2964.245 2964.480 2964.716 2964.952 2965.188
 2965.423 2965.659 2965.895 2966.131 2966.366 2966.602 2966.838 2967.073
 2967.309 2967.545 2967.781 2968.016 2968.252 2968.488 2968.724 2968.956
 2969.245 2969.539 2969.832 2970.125 2970.419 2970.712 2971.005 2971.299
 2971.592 2971.886 2972.179 2972.472 2972.766 2973.059 2973.352 2973.646
 2973.939 2974.232 2974.526 2974.819 2975.113 2975.406 2975.699 2975.993
 2976.286 2976.579 2976.873 2977.166 2977.459 2977.753 2978.046 2978.340
 2978.633 2978.926 2979.220 2979.513 2979.806 2980.100 2980.393 2980.681
 2980.992 2981.354 2981.717 2982.080 2982.443 2982.805 2983.168 2983.531
 2983.894 2984.256 2984.619 2984.982 2985.345 2985.707 2986.070 2986.433
 2986.796 2987.158 2987.521 2987.884 2988.247 2988.609 2988.972 2989.335
 2989.698 2990.060 2990.423 2990.786 2991.149 2991.511 2991.874 2992.237
 2992.600 2992.962 2993.325 2993.688 2994.051 2994.413 2994.776 2995.133
 2995.514 2995.949 2996.383 2996.818 2997.253 2997.688 2998.122 2998.557
 2998.992 2999.427 2999.861 3000.296 3000.731 3001.166 3001.600 3002.035
 3002.470 3002.905 3003.339 3003.774 3004.209 3004.644 3005.078 3005.513
 3005.948 3006.383 3006.817 3007.252 3007.687 3008.122 3008.556 3008.991
 3009.426 3009.861 3010.295 3010.730 3011.165 3011.600 3012.034 3012.463
 3012.916 3013.425 3013.933 3014.441 3014.949 3015.457 3015.966 3016.474
 3016.982 3017.490 3017.998 3018.506 3019.015 3019.523 3020.031 3020.539
 3021.047 3021.556 3022.064 3022.572 3023.080 3023.588 3024.097 3024.605
 3025.113 3025.621 3026.129 3026.637 3027.146 3027.654 3028.162 3028.670
 3029.178 3029.687 3030.195 3030.703 3031.211 3031.719 3032.228 3032.736
 3033.240 3033.809 3034.382 3034.956 3035.529 3036.102 3036.676 3037.249
 3037.823 3038.396 3038.969 3039.543 3040.116 3040.690 3041.263 3041.836
 3042.410 3042.983 3043.557 3044.130 3044.703 3045.277 3045.850 3046.424
 3046.997 3047.570 3048.144 3048.717 3049.291 3049.864 3050.437 3051.011
 3051.584 3052.158 3052.731 3053.304 3053.878 3054.451 3055.025 3055.598
 3056.164 3056.760 3057.389 3058.018 3058.648 3059.277 3059.906 3060.535
 3061.164 3061.794 3062.423 3063.052 3063.681 3064.310 3064.940 3065.569
 3066.198 3066.827 3067.456 3068.086 3068.715 3069.344 3069.973 3070.602
 3071.232 3071.861 3072.490 3073.119 3073.748 3074.378 3075.007 3075.636
 3076.265 3076.895 3077.524 3078.153 3078.782 3079.411 3080.041 3080.670
 3081.299 3081.925 3082.605 3083.289 3083.973 3084.657 3085.340 3086.024
 3086.708 3087.392 3088.076 3088.760 3089.444 3090.128 3090.811 3091.495
 3092.179 3092.863 3093.547 3094.231 3094.915 3095.599 3096.282 3096.966
 3097.650 3098.334 3099.018 3099.702 3100.386 3101.069 3101.753 3102.437
 3103.121 3103.805 3104.489 3105.173 3105.857 3106.540 3107.224 3107.908
 3108.592 3109.264 3109.992 3110.732 3111.473 3112.213 3112.953 3113.694
 3114.434 3115.174 3115.915 3116.655 3117.395 3118.136 3118.876 3119.617
 3120.357 3121.097 3121.838 3122.578 3123.318 3124.059 3124.799 3125.539
 3126.280 3127.020 3127.760 3128.501 3129.241 3129.981 3130.722 3131.462
 3132.202 3132.943 3133.683 3134.423 3135.164 3135.904 3136.644 3137.385
 3138.125 3138.862 3139.613 3140.393 3141.174 3141.954 3142.735 3143.515
 3144.296 3145.076 3145.857 3146.637 3147.418 3148.198 3148.979 3149.759
 3150.540 3151.320 3152.101 3152.881 3153.662 3154.442 3155.223 3156.003
 3156.784 3157.564 3158.345 3159.125 3159.906 3160.686 3161.467 3162.247
 3163.028 3163.808 3164.589 3165.369 3166.150 3166.930 3167.711 3168.491
 3169.272 3170.051 3170.836 3171.633 3172.430 3173.228 3174.025 3174.822
 3175.620 3176.417 3177.215 3178.012 3178.809 3179.607 3180.404 3181.202 /
PORO
 0.21273 0.24772 0.24586 0.24976 0.25623 0.24514 0.24350 0.25999
 0.17712 0.23490 0.28092 0.27941 0.24916 0.15547 0.09451 0.18263
 0.21794 0.27673 0.24229 0.20741 0.11045 0.15354 0.08038 0.11041
 0.25473 0.24236 0.24523 0.23521 0.23393 0.24138 0.23544 0.23507
 0.21916 0.19890 0.19051 0.15380 0.16810 0.17261 0.09808 0.19073
 0.20922 0.23193 0.26610 0.26270 0.25703 0.24742 0.26393 0.25450
 0.25439 0.25828 0.26754 0.26223 0.25263 0.19807 0.16140 0.20819
 0.23328 0.24424 0.23342 0.24401 0.25790 0.24448 0.25167 0.25587
 0.24911 0.25578 0.25406 0.24464 0.21795 0.17324 0.24095 0.24263
 0.24602 0.23789 0.23555 0.22860 0.24184 0.24905 0.26526 0.18645
 0.19839 0.24035 0.26520 0.26617 0.25444 0.25300 0.23853 0.21951
 0.22695 0.20304 0.22147 0.23571 0.22391 0.21428 0.24659 0.24190
 0.23569 0.23260 0.23676 0.23935 0.22911 0.23097 0.23595 0.23263
 0.22447 0.21277 0.19392 0.22571 0.25890 0.25635 0.25220 0.26490
 0.27079 0.26938 0.27389 0.27703 0.26230 0.19037 0.17087 0.19719
 0.22065 0.24837 0.24227 0.23833 0.24410 0.24797 0.23970 0.22868
 0.24026 0.26100 0.26404 0.26450 0.24584 0.16036 0.15998 0.19514
 0.22457 0.21664 0.21615 0.19747 0.15484 0.15878 0.20391 0.21652
 0.23653 0.25002 0.19274 0.16183 0.21723 0.21154 0.22215 0.24294
 0.19622 0.22566 0.14143 0.10629 0.07852 0.07349 0.07817 0.11478
 0.06403 0.03555 0.08950 0.07178 0.01553 0.07239 0.19315 0.21540
 0.22710 0.21584 0.13968 0.12880 0.14985 0.10464 0.11136 0.09163
 0.10294 0.10860 0.11129 0.14095 0.19021 0.18480 0.18487 0.14807
 0.11623 0.12670 0.14083 0.17611 0.15990 0.04603 0.08091 0.13832
 0.10721 0.13065 0.13607 0.14983 0.18734 0.18996 0.19928 0.17793
 0.03210 0.11574 0.17118 0.10116 0.10247 0.06704 0.03639 0.00600
 0.01530 0.04035 0.03707 0.13833 0.16813 0.09324 0.12355 0.14183
 0.11743 0.09610 0.07387 0.09013 0.06168 0.06264 0.06031 0.04922
 0.08474 0.08305 0.09997 0.09493 0.09379 0.08277 0.09913 0.10377
 0.09225 0.08850 0.09402 0.15240 0.11953 0.11670 0.07979 0.08880
 0.09456 0.11110 0.11364 0.09778 0.07549 0.08272 0.10536 0.08710
 0.08007 0.09247 0.06515 0.08404 0.10157 0.09064 0.10520 0.14190
 0.15234 0.16735 0.14766 0.17965 0.20424 0.20923 0.18976 0.19561
 0.19898 0.19690 0.19353 0.17849 0.16693 0.16779 0.16340 0.11128
 0.07723 0.07545 0.08771 0.15545 0.17070 0.16535 0.07553 0.06569
 0.10200 0.11420 0.10128 0.10087 0.08847 0.10040 0.13714 0.12310
 0.12929 0.14620 0.14210 0.12065 0.12310 0.12458 0.11641 0.11567
 0.11225 0.09957 0.10137 0.10363 0.09055 0.09357 0.09443 0.09413
 0.09680 0.08563 0.11683 0.14523 0.12323 0.12802 0.10707 0.08449
 0.09365 0.08540 0.05582 0.17053 0.19667 0.19506 0.19470 0.19191
 0.18529 0.12370 0.16720 0.21385 0.20784 0.21122 0.20249 0.21556
 0.20678 0.21694 0.21993 0.21400 0.21820 0.20276 0.06347 0.17853
 0.21156 0.20528 0.24580 0.23932 0.23699 0.23177 0.23110 0.21163
 0.14723 0.14210 0.20642 0.22033 0.21727 0.21609 0.21710 0.21139
 0.18141 0.16593 0.18291 0.22377 0.22326 0.18593 0.19483 0.23811
 0.23772 0.22869 0.19213 0.20957 0.24742 0.24900 0.22913 0.24511
 0.24324 0.23712 0.19397 0.19535 0.21764 0.22407 0.22417 0.22017
 0.18148 0.19616 0.21547 0.13520 0.07030 0.13780 0.23730 0.23960
 0.24240 0.23520 0.23380 0.23820 0.23290 0.23000 0.23560 0.23960
 0.24010 0.23790 0.23940 0.23810 0.22850 0.22950 0.23870 0.22960
 0.22020 0.21610 0.21340 0.21130 0.19690 0.21650 0.22950 0.18320
 0.23030 0.27180 0.27680 0.27050 0.27140 0.27510 0.28670 0.25020
 0.22710 0.18990 0.13980 0.14360 0.17600 0.18440 0.18050 0.21600
 0.24120 0.25100 0.25920 0.26430 0.25730 0.24620 0.20640 0.18600
 0.18210 0.20250 0.21940 0.25190 0.26170 0.27230 0.26490 0.25650
 0.26070 0.26130 0.25790 0.26320 0.26100 0.26410 0.25990 0.25800
 0.25480 0.25420 0.23640 0.20860 0.17710 0.16970 0.16360 0.15930
 0.10730 0.07960 0.09940 0.13010 0.18210 0.19290 0.19080 0.18490
 0.19030 0.17130 0.11850 0.09530 0.13250 0.10360 0.05420 0.07190
 0.13410 0.11980 0.12530 0.17710 0.18780 0.16000 0.16200 0.16660
 0.15830 0.16840 0.16660 0.16020 0.12980 0.15910 0.16810 0.18390
 0.17890 0.17210 0.16620 0.16930 0.17940 0.18160 0.17130 0.16580
 0.16560 0.12510 0.15490 0.16630 0.11940 0.22470 0.25150 0.25390
 0.25140 0.24970 0.25120 0.24790 0.24210 0.24460 0.18570 0.18890
 0.18450 0.18590 0.19620 0.19890 0.19780 0.21740 0.20660 0.17400
 0.15930 0.17700 0.11090 0.07510 0.09430 0.10110 0.19110 0.20390
 0.20670 0.19900 0.19410 0.19440 0.19470 0.20340 0.20070 0.19160
 0.16060 0.11120 0.06320 0.07780 0.13240 0.12140 0.10200 0.08480
 0.10360 0.10890 0.17000 0.18720 0.15000 0.13050 0.18400 0.16860
 0.17680 0.18640 0.18460 0.18800 0.19620 0.18850 0.18930 0.19230
 0.19320 0.19640 0.17690 0.14530 0.20540 0.21760 0.21650 0.19340
 0.19840 0.19300 0.21900 0.22280 0.21280 0.22780 0.21250 0.22400
 0.22130 0.22550 0.22800 0.23280 0.22970 0.23420 0.24060 0.23610
 0.23490 0.23360 0.23840 0.24250 0.24260 0.24590 0.24310 0.24080
 0.23800 0.23810 0.23760 0.24230 0.24190 0.24410 0.23580 0.23190
 0.23360 0.23610 0.23860 0.24050 0.24340 0.24320 0.23760 0.24440
 0.24280 0.24180 0.23850 0.23830 0.23410 0.23390 0.24160 0.23410
 0.23560 0.23480 0.23260 0.23290 0.23330 0.23630 0.23730 0.23840
 0.23220 0.23010 0.22860 0.23840 0.23790 0.23700 0.23700 0.23520
 0.23140 0.23190 0.22700 0.22920 0.22740 0.23180 0.23670 0.23530
 0.23280 0.23370 0.23130 0.23210 0.22680 0.22770 0.23070 0.23230
 0.23050 0.22190 0.22900 0.23050 0.22950 0.23420 0.23060 0.22840
 0.23200 0.23300 0.23230 0.22930 0.22970 0.22850 0.23290 0.23260
 0.23300 0.23560 0.23750 0.22990 0.22990 0.23330 0.22500 0.22630
 0.22980 0.22970 0.22980 0.22940 0.23230 0.22730 0.22930 0.23890
 0.24310 0.23930 0.23180 0.23370 0.23760 0.23980 0.23690 0.23090
 0.23680 0.23880 0.23840 0.23420 0.23460 0.23530 0.23190 0.23860
 0.23910 0.23910 0.23990 0.24210 0.24360 0.23650 0.22810 0.22760
 0.23400 0.23340 0.23270 0.23090 0.23530 0.23240 0.23200 0.22650
 0.22570 0.23190 0.22930 0.22550 0.23120 0.23120 0.22840 0.22450
 0.18680 0.02020 0.02000 0.05940 0.07060 0.02030 0.02000 0.02000
 0.02000 0.02000 0.02000 0.02000 0.02000 0.02000 0.02000 0.02000
 0.02000 0.02000 0.02000 0.02000 0.02000 0.02000 0.02000 0.02000
 0.02000 0.02000 0.02000 0.02000 0.02000 0.02000 0.02000 0.02000
 0.02000 0.02000 0.02490 0.02020 0.02260 0.02010 0.02140 0.02000
 0.02000 0.02000 0.02000 0.02000 0.02000 0.03750 0.03500 0.04940
 0.04270 0.03940 0.08350 0.09010 0.08760 0.06460 0.10220 0.11600
 0.10020 0.11150 0.13160 0.13730 0.12370 0.03550 0.05800 0.05450
 0.05540 0.06180 0.06600 0.06220 0.05600 0.04460 0.03840 0.02940
 0.02560 0.02000 0.05120 0.08460 0.10350 0.10420 0.09500 0.08960
 0.06750 0.03190 0.03680 0.02960 0.02000 0.04640 0.10640 0.14590
 0.15460 0.17620 0.17080 0.18180 0.20650 0.21890 0.21600 0.20890
 0.21130 0.21280 0.21690 0.22320 0.22140 0.22910 0.22960 0.23240
 0.23360 0.23170 0.23030 0.23920 0.23840 0.23590 0.23160 0.23990
 0.23180 0.23290 0.24260 0.24440 0.23650 0.23670 0.23170 0.23220
 0.23750 0.23680 0.23520 0.23750 0.23330 0.19870 0.09910 0.07080
 0.09950 0.14240 0.17610 0.17310 0.15200 0.09380 0.10310 0.05790
 0.05500 0.02070 0.04130 0.03460 0.03600 0.03270 0.03400 0.19270
 0.22870 0.22810 0.22770 0.22520 0.22410 0.22310 0.21950 0.22050
 0.22720 0.21780 0.22940 0.23140 0.22630 0.22830 0.23330 0.22840
 0.22760 0.22540 0.22520 0.22180 0.21530 0.21380 0.21770 0.22630
 0.22220 0.19840 0.15330 0.14180 0.12720 0.15010 0.15700 0.15380
 0.15630 0.15290 0.16690 0.17630 0.17380 0.15710 0.19560 0.22480
 0.23770 0.22100 0.22260 0.25720 0.25740 0.25810 0.26070 0.25930
 0.21900 0.24910 0.25930 0.25040 0.21100 0.17220 0.06720 0.11820
 0.13290 0.11230 0.15000 0.14410 0.16150 0.15570 0.13640 0.15080
 0.15310 0.14740 0.19010 0.20420 0.20280 0.22810 0.23690 0.25260
 0.25230 0.23180 0.21150 0.14790 0.12480 0.20590 0.24310 0.25600
 0.24600 0.26200 0.26620 0.26710 0.27060 0.27370 0.27380 0.27570
 0.26880 0.22510 0.11340 0.13640 0.22600 0.23200 0.23160 0.23480
 0.23230 0.20420 0.20100 0.19200 0.23120 0.22220 0.23560 0.22470
 0.22590 0.17910 0.13910 0.15820 0.07450 0.04730 0.10400 0.19060
 0.19770 0.24160 0.24070 0.24770 0.25980 0.26800 0.25800 0.26290
 0.25940 0.25930 0.25810 0.24710 0.14830 0.10390 0.12840 0.13840
 0.11580 0.08720 0.11260 0.11970 0.10810 0.09190 0.10030 0.09840
 0.17650 0.23450 0.23930 0.23100 0.15950 0.16750 0.19950 0.17400
 0.13170 0.12620 0.08320 0.10140 0.11950 0.12400 0.12960 0.07280
 0.03870 0.03010 0.03700 0.07140 0.15400 0.20850 0.23350 0.22860
 0.21750 0.21980 0.19800 0.20330 0.21400 0.21450 0.21470 0.22950
 0.22210 0.22110 0.16620 0.15950 0.21150 0.22300 0.22430 0.21050
 0.19830 0.17630 0.20420 0.21170 0.21530 0.21440 0.22050 0.21980
 0.21780 0.22090 0.22030 0.22040 0.22110 0.21260 0.21090 0.18990
 0.17250 0.17830 0.19530 0.20570 0.21010 0.20790 0.22330 0.21410
 0.21200 0.20550 0.20440 0.20400 0.21070 0.22170 0.21620 0.21920
 0.20950 0.20780 0.20890 0.21120 0.21220 0.21730 0.22420 0.22230
 0.21650 0.21230 0.20070 0.20080 0.20500 0.21210 0.20690 0.20620
 0.21050 0.20550 0.21100 0.21200 0.22010 0.20540 0.21050 0.21460
 0.22450 0.20830 0.19870 0.24410 0.26480 0.25850 0.26100 0.26130
 0.26260 0.26420 0.25890 0.26400 0.26730 0.26410 0.26780 0.26700
 0.26420 0.26630 0.26260 0.25870 0.25650 0.25510 0.25520 0.25190
 0.24910 0.24740 0.24500 0.23890 0.25010 0.24740 0.25340 0.25180
 0.24780 0.24250 0.24540 0.24660 0.24150 0.19470 0.14380 0.16750
 0.13620 0.17980 0.16980 0.19630 0.22100 0.23960 0.25060 0.24690
 0.24460 0.24570 0.25100 0.25060 0.24000 0.18720 0.11460 0.16900
 0.06530 0.03590 0.04490 0.17570 0.22290 0.23460 0.23470 0.22810
 0.22060 0.20930 0.18660 0.16980 0.19160 0.18440 0.16730 0.06640
 0.03690 0.10260 0.13710 0.15710 0.14270 0.14510 0.11180 0.11940
 0.15660 0.20720 0.21560 0.20490 0.21450 0.23320 0.25050 0.25650
 0.25900 0.25450 0.24850 0.23640 0.24460 0.23400 0.20630 0.16830
 0.04540 0.04420 0.03630 0.05720 0.08500 0.05250 0.18640 0.22850
 0.23330 0.21710 0.21370 0.19360 0.17410 0.15340 0.07260 0.05330
 0.05910 0.08500 0.11110 0.12280 0.16260 0.16150 0.18150 0.20460
 0.22160 0.23720 0.24230 0.24220 0.23990 0.18950 0.21110 0.19470
 0.22140 0.22950 0.20930 0.14000 0.14420 0.17810 0.11520 0.03050
 0.05310 0.03240 0.02060 0.02000 0.03450 0.04540 0.06140 0.07000
 0.04190 0.05750 0.06980 0.05160 0.08080 0.13630 0.13200 0.17980
 0.17330 0.14050 0.15060 0.15110 0.16280 0.17420 0.14400 0.13350
 0.13200 0.10740 0.07350 0.10170 0.12260 0.16910 0.21160 0.18870
 0.12600 0.14640 0.16330 0.18240 0.18420 0.11840 0.13150 0.14470
 0.13820 0.17040 0.19940 0.17400 0.18560 0.21880 0.21900 0.17570
 0.04370 0.04510 0.11770 0.16200 0.19560 0.18050 0.05440 0.04600
 0.08550 0.08820 0.05220 0.02080 0.02990 0.04090 0.07470 0.08360
 0.08820 0.09170 0.07920 0.07910 0.07710 0.08040 0.08240 0.05900
 0.06910 0.06940 0.07940 0.09710 0.08030 0.03900 0.02150 0.05690
 0.05620 0.05140 0.02780 0.03890 0.04490 0.08310 0.08110 0.09640
 0.09550 0.10570 0.11620 0.13300 0.14350 0.13660 0.14040 0.12920
 0.11420 0.10910 0.11360 0.13230 0.12730 0.12920 0.13000 0.13220
 0.11920 0.14410 0.13480 0.11700 0.10060 0.08570 0.07870 0.04210
 0.03590 0.05480 0.04830 0.02390 0.02000 0.02770 0.02350 0.02000
 0.02000 0.02000 0.02000 0.02000 0.02000 0.02000 0.03570 0.04530
 0.02000 0.02000 0.02000 0.02000 0.03030 0.03340 0.07810 0.07710
 0.06560 0.06630 0.07280 0.09260 0.06950 0.02250 0.04820 0.06380
 0.04900 0.03840 0.02970 0.02520 0.02000 0.02000 0.02000 0.02000
 0.02000 0.02000 0.02000 0.02000 0.05410 0.06530 0.02810 0.02110
 0.02050 0.02000 0.02000 0.02000 0.02000 0.05860 0.16680 0.19690
 0.20340 0.20580 0.20940 0.20110 0.19740 0.19130 0.18720 0.19040
 0.19490 0.19890 0.18630 0.18090 0.16570 0.19770 0.21130 0.20490
 0.20330 0.20290 0.20690 0.20680 0.21370 0.17350 0.19780 0.18980
 0.08290 0.08550 0.16590 0.10040 0.04570 0.03830 0.04330 0.08660
 0.09620 0.11250 0.15490 0.19490 0.23380 0.23950 0.24320 0.23840
 0.24980 0.24290 0.24520 0.24980 0.21360 0.09210 0.10650 0.19410
 0.21940 0.25130 0.24850 0.25100 0.25320 0.25170 0.25730 0.25100
 0.15450 0.10570 0.11030 0.06640 0.07960 0.03860 0.03210 0.02480
 0.02000 0.08550 0.19420 0.21250 0.21530 0.21340 0.21210 0.21360
 0.22600 0.23740 0.23890 0.24580 0.24480 0.24270 0.20890 0.15190
 0.19430 0.10110 0.08120 0.05270 0.04770 0.17070 0.21100 0.21720
 0.21480 0.20910 0.21860 0.21420 0.21630 0.21390 0.21370 0.21130
 0.19340 0.21280 0.07290 0.09660 0.12570 0.13250 0.13290 0.13430
 0.14180 0.12630 0.10810 0.12210 0.13930 0.15290 0.18040 0.19060
 0.18850 0.18350 0.20470 0.20190 0.18940 0.18520 0.17480 0.18010
 0.18620 0.17100 0.15120 0.17000 0.19140 0.18290 0.20090 0.10220
 0.11360 0.16870 0.17190 0.20610 0.12270 0.13060 0.05450 0.04050
 0.10110 0.16900 0.14700 0.16320 0.19370 0.21290 0.21710 0.21890
 0.21640 0.22080 0.21890 0.21570 0.20700 0.21150 0.13440 0.11440
 0.08190 0.19110 0.23850 0.22200 0.19620 0.18420 0.18720 0.20290
 0.21080 0.21230 0.21580 0.20670 0.20300 0.19340 0.18830 0.18270
 0.18420 0.17960 0.19580 0.20130 0.07900 0.05270 0.10930 0.15090
 0.20550 0.20610 0.20500 0.20070 0.19920 0.20130 0.19300 0.19470
 0.19150 0.19900 0.19150 0.17670 0.18800 0.14320 0.14460 0.17540
 0.17560 0.05740 0.09500 0.05670 0.04110 0.08390 0.13240 0.12750
 0.03720 0.03840 0.03180 0.16620 0.22310 0.22770 0.22590 0.21910
 0.20270 0.18120 0.16220 0.09320 0.09110 0.19770 0.18920 0.18220
 0.17320 0.19060 0.18740 0.15280 0.16710 0.17090 0.17840 0.15680
 0.22150 0.18340 0.07780 0.16700 0.23050 0.20550 0.19540 0.18910
 0.18700 0.17860 0.17930 0.18200 0.16540 0.15630 0.21070 0.23330
 0.22490 0.18700 0.05440 0.04180 0.05190 0.04070 0.04320 0.04480
 0.03610 0.03760 0.08390 0.04490 0.06560 0.10270 0.09900 0.12190 /
PERMX
 366.6 786.316 494.672 200.038 118.146 130.458 88.6217 15.1087
 0.154453 2.37119 58.4022 61.2182 8.42671 0.2812 0.00934567 0.00631635
 0.218459 22.9657 11.6615 0.997773 0.00359677 0.00170782 0.001 0.0110592
 331.511 538.532 477.936 430.08 492.464 576.623 490.138 347.676
 421.102 529.142 299.434 66.826 54.9543 144.515 142.039 133.37
 10.6014 2.70165 1.39305 1.1673 1.07063 0.80556 1.07837 0.898794
 0.209136 0.143716 0.182309 0.181057 0.344145 0.242401 0.00618612 0.00664123
 0.0866396 45.4808 44.3636 14.8729 141.714 659.066 997.997 968.751
 986.124 1167.66 915.532 643.461 491.578 328.073 97.8734 69.2661
 115.001 132.258 221.51 428.259 571.468 713.807 807.647 179.962
 201.594 168.496 1.72184 0.238225 0.015832 0.102575 1.20052 5.90597
 6.98023 3.55036 0.0708036 0.0181854 0.286969 25.9478 50.4254 35.1252
 23.357 17.3509 21.7973 23.3348 20.3612 14.372 12.5396 8.72446
 15.2882 20.4995 0.487909 0.041178 0.0552028 0.106311 0.15721 0.729575
 1.91465 2.57909 2.82294 3.80252 1.72006 0.667639 1.11094 3.30972
 3.70335 7.84401 3.04695 0.963544 0.965004 0.791121 1.6393 1.58495
 2.72965 2.68144 2.76722 2.06572 1.84945 0.981652 0.577044 1.21235
 2.35455 2.67364 5.56934 7.0879 5.62448 6.71508 3.87783 0.854463
 1.25428 1.50472 0.436442 0.0119633 2.24536 1.85164 0.274602 0.152589
 0.0927431 0.143227 0.105931 0.323106 0.0190905 0.0137131 0.0281139 0.526613
 0.0202628 0.0022493 0.0972029 0.0167648 0.00101371 0.0244901 176.018 1719.62
 5922.67 3518.8 11.4131 4.1421 22.4385 0.822647 1.0163 0.265798
 0.933504 1.54573 1.97042 13.3408 449.971 248.098 142.797 6.5174
 0.408757 1.23252 4.90722 68.6947 14.5311 0.00583768 0.0518648 1.35813
 0.0438481 0.359992 1.32893 15.8453 291.204 367.8 648.49 165.647
 0.00537524 1.82514 86.2338 0.535012 0.451995 0.0363456 0.00537305 0.001
 0.0016309 0.00648995 0.00560312 9.02929 0.0973892 0.00665536 0.0203797 0.0830126
 0.0055474 0.00581881 0.00205229 0.00441247 0.0010488 0.00112551 0.0011751 0.001
 0.00171802 0.00144859 0.00540618 0.0251557 0.00418869 0.00377995 0.00937372 0.00938435
 0.00634124 0.00543345 0.00675226 0.0724702 0.0235164 0.0471129 0.00571475 0.00635124
 0.0125904 0.0267325 0.0301887 0.0133832 0.00542409 0.00517785 0.00820593 0.0058043
 0.0069067 0.0050645 0.00101601 0.00157899 0.00566318 0.00466425 0.00580275 0.0765535
 0.0463672 0.106247 0.0433807 0.254605 7.48914 15.731 7.40551 7.40733
 6.36318 4.12363 1.73141 2.24239 3.35053 5.00448 4.12904 0.491288
 0.134553 0.15748 0.241529 2.77293 4.84851 3.68695 0.165644 0.106397
 0.202516 0.32129 0.0544192 0.0354747 0.0241305 0.0421622 0.196762 0.0960149
 0.129217 0.241869 0.174844 0.0663841 0.0705404 0.0719787 0.026924 0.0280929
 0.0161488 0.0142957 0.0162743 0.0208035 0.0119432 0.0121195 0.00912354 0.0134135
 0.0148032 0.0131344 0.047307 0.0924087 0.0244833 0.0178254 0.00641152 0.002469
 0.00152906 0.0024126 0.0010447 0.360196 4.87573 6.78104 6.63709 7.6476
 5.49921 0.587112 2.34216 12.8438 11.0789 9.1816 6.84476 12.8489
 8.64412 20.8831 26.0197 15.7909 20.1159 7.63415 0.0273966 1.37743
 4.23924 3.56843 22.4871 16.6095 6.52198 5.3731 11.3868 2.38334
 0.137365 0.0466121 0.397754 0.687373 0.603486 1.10983 1.29329 1.36818
 0.334613 0.31913 0.80804 4.30203 6.83015 1.80958 1.65784 7.20786
 5.77868 3.19156 0.400648 1.81886 18.5049 14.9584 5.42619 12.2368
 15.1396 8.31146 0.949124 0.614004 1.18411 2.41444 7.47452 6.5556
 0.967673 1.84869 3.0583 66.2278 45.0566 154.777 966.059 1134.34
 1071.45 848.466 788.672 1080.59 790.802 889.3 1314.53 1247.73
 1243.42 868.124 904.82 1221.48 994.803 871.056 906.563 687.593
 797.812 828.055 940.675 766.747 601.965 680.8 781.767 321.516
 621.491 653.641 531.856 483.581 447.438 331.479 215.44 51.3081
 13.3765 0.820129 0.147903 0.153558 0.738635 1.99946 1.26331 13.8193
 58.8102 101.933 159.285 195.357 191.304 122.884 9.85729 1.95515
 1.52705 3.29439 13.7574 92.8212 116.268 247.99 261.75 175.451
 232.954 287.988 256.63 314.85 437.313 418.53 411.588 424.78
 329.125 241.415 35.1443 7.94719 1.09982 2.1266 1.80947 1.14434
 0.137605 0.0225001 0.0115717 0.0486688 0.196417 0.653598 0.409618 0.274725
 0.372916 0.226558 0.0738467 0.0376195 0.0768238 0.0335895 0.0323005 0.0463989
 0.0489519 0.0675115 0.0582778 0.152928 0.22582 0.596888 1.76676 4.24314
 6.59732 14.6775 10.9145 4.87014 1.10598 3.06015 5.02675 18.3041
 14.5572 12.6583 13.2136 15.6239 23.9185 21.3352 13.2236 7.23754
 6.16687 0.202282 0.249795 0.541011 0.5 8.00983 14.1165 14.8458
 14.2203 11.5346 11.6967 9.68341 8.02732 7.70825 1.75343 0.975601
 0.816819 1.01989 1.11102 0.976165 0.941674 2.7856 1.8072 0.76316
 0.280834 0.496703 0.143258 0.0478459 0.108682 0.97346 18.0689 30.566
 39.5368 13.7756 4.64559 3.10911 2.78173 7.90753 7.01707 6.33833
 1.08399 0.286349 0.0893529 0.192076 0.620318 0.675366 0.298412 0.116828
 0.230704 0.63984 3.97793 5.88939 0.378201 0.332952 1.1237 4.42133
 10.1687 10.3878 11.2161 15.5293 23.5146 14.83 9.47302 14.1057
 10.5346 8.53978 2.18425 1.02194 4.75632 8.49695 5.95436 2.28824
 1.49907 1.47376 18.4734 46.555 75.1394 385.291 503.068 636.53
 682.805 727.568 727.648 963.952 799.363 1066.49 1046.94 802.1
 599.343 847.235 858.785 1077.86 1074.44 1405.49 1321.25 1133.76
 1110.29 976.724 1005.92 1188.95 1082.61 1070.34 567.172 490.059
 642.912 909.088 869 989.324 1108.77 963.278 1004.28 1072.45
 1036.68 1069.95 1341.35 1302.2 940.209 906.571 1066.34 1031.2
 1093.35 1042.29 870.169 762.268 974.696 1408.81 1479.67 1187.13
 914.57 591.832 772.557 949.851 1038.61 1344.61 1135.54 1333.77
 1108.4 940.744 968.991 900.784 794.323 1027.86 1034.09 1112.12
 1252.76 1220.83 1265.23 1190.56 1130.49 1079.37 1070.3 1207.06
 1208.6 973.775 1062.43 955.073 1128.95 1648.86 1528.74 1326.17
 1369.22 1616.38 1401.53 1548.84 1487.09 1300.63 1470.87 1521.77
 1317.55 1464.19 1544.74 1250.84 1351.6 953.225 950.705 1057.85
 1223.95 860.748 895.69 641.209 853.222 917.812 966.106 1286.79
 1275.92 1052.52 614.59 863.272 993.653 1169.91 1076.31 988.553
 1094.36 917.867 1060.64 1079.8 1034.73 879.946 907.453 1143.07
 1016.49 1034.48 1068.58 1149.08 1223.17 730.585 750.089 917.846
 1319.33 1191.58 1355.35 1334.5 1846.15 1565.4 943.07 887.279
 907.434 1015.77 1133.61 1090.86 1380.02 1298.9 1345.07 1036.73
 487.836 0.354282 0.0112073 0.00296119 0.0300638 0.0113209 0.0099303 0.0213609
 0.0223987 0.0219662 0.0301552 0.0340475 0.0401174 0.0349315 0.0725906 0.156308
 0.295169 0.68032 0.344099 0.710134 1.26994 1.50337 1.61764 0.939486
 1.54583 0.935478 1.34613 1.17512 0.951047 0.906545 0.817643 1.22323
 0.631333 0.310341 0.47143 0.423047 0.530884 0.604001 0.947099 1.49562
 1.95518 3.12635 3.52649 1.68115 0.716816 0.77865 0.617453 0.623522
 0.609314 0.506973 0.642333 0.371224 0.167877 0.112465 0.152095 0.141727
 0.155518 0.886356 1.31236 4.50251 1.08818 0.413553 0.732087 0.955042
 0.651559 0.54069 0.561887 0.61554 0.485742 0.518742 0.672211 0.850996
 0.714351 0.635015 0.470045 0.909039 1.69594 3.34209 1.64403 0.735132
 0.607345 0.455167 0.444071 0.48771 0.350411 4.05114 33.3333 188.21
 155.875 203.515 232.519 414.617 931.471 1292.16 1137.74 658.132
 661.696 598.616 868.888 989.265 780.622 1066.38 1267.7 1893.5
 1325.73 1037.92 1020.89 1514.96 1594.23 1441.02 1094.44 1289.94
 1207.33 917.074 1531.38 1652.03 1425.72 1331.27 1542.98 1375.84
 1414.09 1796.56 1443.92 1840.62 1536.56 159.743 0.284492 0.0144146
 0.0691964 0.362612 1.75385 0.972078 0.34948 0.079859 0.0132034 0.00487285
 0.001 0.00319974 0.00412058 0.00451856 0.0232934 0.0607401 1.17737 377.44
 1118.29 964.032 1054.56 1146.27 1270.85 1174.01 761.47 666.581
 689.505 654.142 1206.12 1313.2 983.514 999.303 1075.43 1087.67
 1072.49 1099.11 949.82 760.715 654.596 671.902 755.04 657.216
 634.535 403.405 210.107 145.692 126.25 194.904 256.762 195.031
 189.133 128.898 190.746 241.073 258.328 215.609 470.075 203.956
 41.4189 129.617 521.379 1183.37 1098.34 1007.63 830.741 430.346
 53.9743 168.314 300.525 144.02 94.0954 198.736 41.6519 105.186
 92.1545 84.9658 213.414 174.303 192.513 151.078 112.076 148.332
 193.341 180.244 381.589 204.425 201.957 525.826 518.582 547.421
 401.28 228.431 39.0784 3.77149 2.02053 12.6288 44.7936 98.827
 137.908 277.379 328.163 325.704 444.339 451.793 594.098 517.955
 373.664 27.8644 0.290865 0.73002 13.5711 24.7531 35.6176 41.9177
 42.4227 35.1417 22.2082 5.20649 43.3153 52.0544 126.096 43.3169
 25.3479 8.16498 2.66161 5.48163 0.0124697 0.00330505 0.851653 105.817
 161.697 93.0877 110.022 166.355 281.001 473.265 284.951 327.257
 274.035 292.529 283.994 205.393 0.307633 0.0228238 0.0744948 0.112913
 0.0506503 0.0417778 0.150092 0.09536 0.0628199 0.0977225 0.258586 0.411567
 30.4875 551.975 834.851 531.319 1.15972 1.41023 5.71011 2.14644
 0.386549 0.103185 0.0278588 0.0292839 0.0414979 0.0636697 0.0744193 0.00252098
 0.001 0.001 0.00298955 0.0254059 1.04863 49.4197 501.315 686.438
 633.571 759.763 570.985 832.022 805.059 979.26 1181.32 1331.82
 1271.02 1080.4 446.283 581.801 1926.97 2346.9 1925.37 1671.92
 1296.81 828.377 1448.21 1797.1 2252.47 2490.75 2440.85 2843.87
 2654.26 2301.15 1865.17 1362.77 926.784 788.142 1009.3 842.078
 375.234 477.683 792.582 525.811 603.025 657.178 624.897 778.512
 877.699 892.178 750.801 570.318 671.764 702.772 718.354 748.126
 664.179 689.735 599.515 760.054 857.455 713.363 582.579 547.436
 641.113 434.474 258.13 310.436 419.309 502.925 719.738 531.228
 523.813 485.524 778.78 568.006 446.612 405.012 489.014 516.495
 597.131 551.205 173.504 253.857 355.904 407.631 458.834 523.079
 488.947 452.474 438.52 384.333 375.574 453.939 491.218 515.841
 451.744 457.49 352.51 354.599 292.106 323.602 323.453 348.299
 305.054 301.254 266.851 224.074 276.46 268.129 275.19 264.753
 243.728 206.499 284.619 218.472 172.434 93.4617 40.578 39.3372
 21.9767 42.8092 31.4323 99.7161 191.964 321.039 368.082 274.187
 224.49 247.241 264.516 253.271 153.513 0.578727 0.368715 28.3686
 8.45374 2.86837 3.06124 23.137 22.8716 26.8475 34.261 36.9168
 28.1161 18.4788 6.36544 7.4142 26.6697 28.3691 16.275 1.31909
 0.795849 2.9483 7.20112 7.91142 5.91968 2.1216 0.682689 1.10504
 4.37819 24.6567 72.1443 42.122 45.6207 286.912 525.411 560.998
 560.436 500.476 343.067 320.583 394.137 326.378 244.366 78.9124
 1.24259 1.29595 0.0823593 0.0116312 0.0091393 0.00370096 13.6964 231.716
 360.476 222.19 186.261 202.684 91.0537 11.7848 0.00990504 0.00343754
 0.00474666 0.0258552 0.0860123 0.202459 0.654251 1.13487 4.28797 6.86276
 14.1462 57.7936 113.304 159.635 144.701 50.6741 67.3559 11.5131
 168.139 239.954 176.035 28.7378 16.8773 32.0367 1.73005 0.0568243
 0.026543 0.00702818 0.0056232 0.00416608 0.00327972 0.00590424 0.00503403 0.00532377
 0.00210744 0.0111475 0.0129544 0.0158411 0.0576884 0.158826 0.141478 0.663828
 2.45286 3.1138 6.66339 10.3719 16.1644 20.9044 13.3602 12.835
 11.5508 3.74332 1.35416 1.77564 2.90717 7.96233 54.2942 62.6764
 24.894 63.0068 140.174 212.258 227.28 79.4239 115.707 131.689
 114.832 199.39 353.741 197.187 268.148 628.911 534.452 246.858
 32.0648 28.9082 103.422 265.902 536.108 11.616 0.00242081 0.00203197
 0.00542426 0.00826684 0.00704239 0.00432761 0.00304762 0.004069 0.00687492 0.021106
 0.0286694 0.0269236 0.0126782 0.00773033 0.00936247 0.0111565 0.0296629 0.0320248
 0.085505 0.143918 0.18716 0.530417 0.785252 0.716909 0.352774 0.514849
 0.774377 0.98525 0.812394 0.464465 0.784448 1.08339 2.2434 2.3456
 2.21347 2.03705 1.97336 1.20083 1.3134 1.45521 2.44444 2.45559
 2.63799 2.06754 1.836 1.0934 0.329311 0.430422 1.87342 2.80302
 3.44209 3.09544 2.81069 2.26712 2.19143 2.36189 2.52088 1.44713
 0.874663 0.301277 0.0453022 0.00656929 0.0168496 0.00251785 0.00107177 0.00328233
 0.0554434 0.339062 0.334382 0.638758 0.182157 0.0961247 0.0930406 0.170285
 0.218055 0.191593 0.741242 0.554656 0.356509 0.624888 0.195339 0.140957
 0.03056 0.015713 0.0316856 0.0298552 0.00472356 0.00501987 0.00107177 0.00169173
 0.001 0.001 0.001 0.001 0.0182815 0.152329 0.753502 0.846538
 0.908508 4.7318 4.03193 0.00639902 0.00137411 0.00107177 0.001 0.001
 0.001 0.00159714 0.0513809 1.20063 2.14573 22.3434 399.504 440.881
 208.998 153.378 112.468 150.699 310.551 190.1 99.4082 71.6463
 131.841 222.608 126.153 249.504 146.221 209.582 199.363 207.084
 143.022 102.548 98.3487 117.612 389.551 174.361 143.5 84.2727
 76.4623 48.3489 58.8468 36.0392 34.5896 26.9723 45.703 124.965
 81.1935 24.688 23.2686 88.5638 566.468 683.725 555.469 347.551
 298.328 254.781 162.908 84.2934 4.93834 0.181374 0.957737 7.89604
 39.34 303.753 341.38 369.332 425.833 325.704 161.679 58.1863
 1.95104 0.75866 1.51095 0.637484 0.363596 0.0057932 0.0040774 0.00693001
 0.0444395 8.21146 105.154 279.434 300.034 272.827 197.564 186.242
 256.914 280.697 148.862 254.808 255.322 129.725 3.30754 0.671671
 0.673644 0.00875004 0.00319428 0.00418885 0.256329 294.858 1715.37 2082.72
 2005.9 1833.15 2345.14 1923.61 2226.59 2058.39 2013.65 2015.74
 1568.47 2061.02 173.44 277.19 433.003 458.408 510.505 462.416
 522.24 499.637 358.406 363.521 645.812 777.005 1135.91 606.414
 221.599 189.743 283.108 219.682 113.15 138.634 300.99 429.789
 448.294 124.839 26.184 54.5059 67.0035 69.0913 56.3915 14.6729
 20.7602 32.6882 54.1378 110.353 22.3698 9.17184 3.6689 4.68496
 14.7107 34.3229 21.6737 28.5572 33.8791 28.0418 35.9372 40.0596
 49.0384 56.2165 84.7128 86.9589 44.0931 19.4542 1.04517 5.62533
 5.58694 2.84451 3.89001 4.38965 10.3849 30.8745 32.3516 743.498
 1698.31 1612.65 1879.74 1727.69 1128.97 1436.27 1543.29 1391.38
 1287.86 1022.53 1482.16 1244.71 128.266 121.096 304.42 439.411
 1623.88 1716.23 1937.94 1935.01 1426.16 1867.99 1360.59 1315.84
 1281.97 1003.08 1045.15 856.609 875.064 438.484 329.613 428.437
 425.417 2.05822 0.204129 0.740354 1.16508 4.99705 25.7739 12.312
 1.263 2.7134 1.5779 6.55874 35.9209 13.403 10.5404 68.1283
 59.484 44.2677 64.6534 0.329344 0.044157 284.181 164.949 50.246
 45.7657 74.1511 195.716 88.0233 85.4737 31.9956 0.0637793 1.7079
 18.6279 108.58 0.349753 19.9628 1084.71 407.638 189.52 140.233
 212.552 184.708 107.944 85.4676 91.5547 1.9856 0.536787 10.3143
 17.9486 29.2349 5.11105 0.212202 0.0109171 0.0066804 0.00704239 0.00511223
 0.00298036 0.00188818 0.0581406 0.007597 0.0313994 0.912398 0.473603 4.78698 /
COPY
 PERMX PERMY /
 PERMX PERMZ /
/
-- No flow between cells: each one equilibrates on its own.
MULTX
 1656*0 /

PROPS
ROCK
 330 4E-5 /
PVDO
 100 1.0002 1.0
 600 1.0000 1.0 /
PVTW
 330 1.0 4E-5 0.4 0 /
DENSITY
 750 1040 1 /
SWOF
 0.020980 0.000000 1.000000 100
 0.021244 0.000000 0.999462 78.8046
 0.021578 0.000000 0.998779 62.1017
 0.022002 0.000000 0.997912 48.939
 0.022541 0.000000 0.996813 38.5662
 0.023225 0.000000 0.995420 30.392
 0.024092 0.000000 0.993653 23.9503
 0.025192 0.000000 0.991413 18.8739
 0.026589 0.000000 0.988575 14.8735
 0.028361 0.000000 0.984978 11.721
 0.030610 0.000001 0.980424 9.23671
 0.033463 0.000002 0.974661 7.27895
 0.037085 0.000004 0.967371 5.73615
 0.041680 0.000009 0.958160 4.52035
 0.047511 0.000020 0.946536 3.56225
 0.054910 0.000042 0.931887 2.80722
 0.064299 0.000087 0.913462 2.21222
 0.076214 0.000180 0.890347 1.74333
 0.091334 0.000371 0.861441 1.37382
 0.110520 0.000765 0.825448 1.08264
 0.134866 0.001574 0.780879 0.853168
 0.165761 0.003234 0.726103 0.672336
 0.204964 0.006637 0.659462 0.529832
 0.254713 0.013608 0.579515 0.417532
 0.317841 0.027880 0.485499 0.329034
 0.397949 0.057088 0.378167 0.259294
 0.499602 0.116843 0.261245 0.204336
 0.628597 0.239064 0.143916 0.161026
 0.792285 0.488995 0.045014 0.126896
 1.000000 1.000000 0.000000 0.1 /
SWATINIT
 0.03138 0.06904 0.08237 0.08485 0.09235 0.10426 0.11291 0.10492
 0.24269 0.22716 0.11136 0.10830 0.15714 0.27689 0.40488 0.35511
 0.31339 0.12026 0.10220 0.13671 0.63577 0.57815 0.99545 0.54454
 0.13483 0.15088 0.16206 0.16928 0.14539 0.12813 0.12560 0.13411
 0.12747 0.13561 0.16155 0.37908 0.54135 0.24699 0.23132 0.10695
 0.16451 0.18986 0.12499 0.12467 0.11085 0.10969 0.10210 0.12222
 0.12933 0.13983 0.13694 0.13276 0.14763 0.21341 0.32220 0.22524
 0.13514 0.10147 0.10087 0.09414 0.06864 0.05758 0.04628 0.04120
 0.03993 0.03783 0.03837 0.04180 0.04747 0.06127 0.05259 0.05343
 0.05136 0.05148 0.05045 0.05079 0.05033 0.05163 0.05047 0.06843
 0.07128 0.07255 0.08796 0.10480 0.11721 0.11528 0.11423 0.12036
 0.12652 0.15271 0.18548 0.19530 0.15174 0.12702 0.11590 0.12146
 0.12799 0.13090 0.12833 0.12654 0.13214 0.13760 0.13952 0.14146
 0.14250 0.14361 0.19129 0.22384 0.16842 0.15344 0.14252 0.12412
 0.11928 0.12150 0.12392 0.12490 0.13275 0.15924 0.16455 0.14518
 0.13274 0.12171 0.12677 0.13561 0.14235 0.14604 0.15175 0.19544
 0.34407 0.36438 0.36393 0.36254 0.35366 0.42294 0.41396 0.31450
 0.29012 0.33649 0.30817 0.29794 0.31527 0.29860 0.25882 0.26425
 0.31883 0.31877 0.40716 0.42262 0.29960 0.30305 0.35046 0.49328
 0.63323 0.60851 0.79352 0.72294 0.98186 1.00000 1.00000 0.92675
 1.00000 1.00000 0.97426 0.99847 1.00000 0.77138 0.50337 0.57671
 0.59931 0.66800 0.77394 0.78028 0.74336 0.81578 0.76104 0.91327
 0.96139 1.00000 1.00000 0.90330 0.71343 0.73504 0.74290 0.83741
 0.95420 0.95517 0.91952 0.81359 0.75605 0.79839 0.83755 0.65929
 0.87910 0.95544 0.92872 0.90517 0.81870 0.82928 0.75462 0.69486
 0.94649 0.44963 0.36698 0.62915 0.74169 0.97394 1.00000 1.00000
 1.00000 1.00000 1.00000 0.82873 0.81924 1.00000 1.00000 0.90613
 1.00000 0.97849 1.00000 0.97262 1.00000 1.00000 1.00000 1.00000
 1.00000 1.00000 1.00000 1.00000 1.00000 1.00000 0.98061 1.00000
 1.00000 1.00000 1.00000 0.88143 0.98296 0.98398 1.00000 1.00000
 0.97791 0.97478 0.95609 1.00000 1.00000 1.00000 0.98227 1.00000
 1.00000 1.00000 1.00000 1.00000 1.00000 1.00000 0.90317 0.50257
 0.27741 0.80086 0.97652 0.73025 0.73007 0.81103 0.85387 0.76656
 0.70866 0.67100 0.71573 0.80841 0.86248 0.84934 0.84456 0.78724
 0.99641 1.00000 0.99028 0.66562 0.64618 0.69656 0.84970 1.00000
 1.00000 1.00000 1.00000 1.00000 0.98691 0.76476 0.66777 0.84983
 0.90286 0.85975 0.87319 0.97730 1.00000 1.00000 1.00000 1.00000
 1.00000 1.00000 1.00000 1.00000 1.00000 0.99502 1.00000 1.00000
 1.00000 1.00000 0.84632 0.64284 0.79345 0.93217 1.00000 1.00000
 0.99292 1.00000 1.00000 0.94319 0.86785 0.80173 0.78418 0.85900
 0.87581 1.00000 0.91749 0.73764 0.85525 0.88118 0.90423 0.86855
 0.88990 0.88317 0.88117 0.89641 0.91917 0.98992 1.00000 0.86203
 0.91471 0.97168 0.90716 0.94105 0.90388 0.86010 0.82352 0.82135
 1.00000 1.00000 0.84257 0.76859 0.79002 0.82038 0.79823 0.76789
 0.84041 0.80466 0.67031 0.53572 0.61989 0.89538 0.57879 0.41674
 0.45993 0.68251 0.94313 0.95584 0.93075 0.93196 0.95048 0.92563
 0.96700 0.86598 0.92401 0.94780 0.89428 0.82195 0.79282 0.66479
 0.78458 0.75546 0.68654 0.02945 0.02946 0.02947 0.02947 0.02948
 0.02949 0.02950 0.02951 0.02951 0.02952 0.02953 0.02954 0.02955
 0.02955 0.02956 0.02957 0.02958 0.02959 0.02959 0.02960 0.02961
 0.02962 0.02962 0.02963 0.02964 0.02965 0.02965 0.02966 0.02967
 0.02968 0.02968 0.02969 0.02970 0.02971 0.02971 0.02972 0.02973
 0.02974 0.02974 0.02975 0.02976 0.02977 0.02977 0.02978 0.02979
 0.02980 0.02980 0.02981 0.02982 0.02983 0.02983 0.02984 0.02985
 0.02986 0.02986 0.02987 0.02988 0.02988 0.02989 0.02989 0.02990
 0.02991 0.02991 0.02992 0.02992 0.02993 0.02994 0.02994 0.02995
 0.02996 0.02996 0.02997 0.02997 0.02998 0.02999 0.02999 0.03000
 0.03001 0.03001 0.03002 0.03002 0.03003 0.03004 0.03004 0.03005
 0.03006 0.03006 0.03007 0.03007 0.03008 0.03009 0.03009 0.03010
 0.03011 0.03011 0.03011 0.03012 0.03012 0.03013 0.03013 0.03014
 0.03014 0.03015 0.03015 0.03016 0.03016 0.03017 0.03017 0.03017
 0.03018 0.03018 0.03019 0.03019 0.03020 0.03020 0.03021 0.03021
 0.03022 0.03022 0.03023 0.03023 0.03023 0.03024 0.03024 0.03025
 0.03025 0.03026 0.03026 0.03027 0.03027 0.03028 0.03028 0.03029
 0.03029 0.03029 0.03030 0.03030 0.03030 0.03031 0.03031 0.03031
 0.03031 0.03032 0.03032 0.03032 0.03033 0.03033 0.03033 0.03034
 0.03034 0.03034 0.03034 0.03035 0.03035 0.03035 0.03036 0.03036
 0.03036 0.03037 0.03037 0.03037 0.03037 0.03038 0.03038 0.03038
 0.03039 0.03039 0.03039 0.03040 0.03040 0.03040 0.03041 0.03041
 0.03041 0.03041 0.03041 0.03042 0.03042 0.03042 0.03042 0.03042
 0.03042 0.03042 0.03043 0.03043 0.03043 0.03043 0.03043 0.03043
 0.03043 0.03044 0.03044 0.03044 0.03044 0.03044 0.03044 0.03044
 0.03045 0.03045 0.03045 0.03045 0.03045 0.03045 0.03045 0.03046
 0.03046 0.03046 0.03046 0.03046 0.03046 0.03046 0.03047 0.03047
 0.03047 0.03047 0.03047 0.03047 0.03047 0.03047 0.03047 0.03047
 0.03047 0.03047 0.03047 0.03047 0.03047 0.03047 0.03047 0.03047
 0.03047 0.03047 0.03047 0.03047 0.03047 0.03047 0.03048 0.03048
 0.03048 0.03048 0.03048 0.03048 0.03048 0.03048 0.03048 0.03048
 0.03048 0.03048 0.03048 0.03048 0.03048 0.03048 0.03048 0.03048
 0.03048 0.03048 0.03048 0.03048 0.03048 0.03048 0.03048 0.03048
 0.03048 0.03048 0.03048 0.03048 0.03048 0.03048 0.03048 0.03048
 0.03048 0.03048 0.03048 0.03048 0.03048 0.03048 0.03049 0.03049
 0.03049 0.03049 0.03049 0.03049 0.03049 0.03049 0.03049 0.03049
 0.03049 0.03049 0.03049 0.03049 0.03049 0.03049 0.03049 0.03049
 0.03049 0.03049 0.03049 0.03049 0.03049 0.03049 0.03049 0.03049
 0.03049 0.03049 0.03049 0.03049 0.03049 0.03049 0.03049 0.03049
 0.03049 0.03050 0.03050 0.03050 0.03050 0.03050 0.03050 0.03050
 0.03050 0.03050 0.03050 0.03050 0.03050 0.03050 0.03050 0.03050
 0.03050 0.03050 0.03050 0.03050 0.03050 0.03050 0.03050 0.03050
 0.03050 0.03051 0.03051 0.03051 0.03051 0.03051 0.03051 0.03051
 0.03051 0.03051 0.03051 0.03051 0.03051 0.03051 0.03051 0.03051
 0.03051 0.03051 0.03051 0.03051 0.03052 0.03052 0.03052 0.03052
 0.03052 0.03052 0.03052 0.03052 0.03052 0.03052 0.03052 0.03052
 0.03052 0.03052 0.03052 0.03052 0.03052 0.03052 0.03053 0.03053
 0.03053 0.03053 0.03053 0.03053 0.03053 0.03053 0.03053 0.03054
 0.03054 0.03054 0.03054 0.03054 0.03054 0.03055 0.03055 0.03055
 0.03055 0.03055 0.03055 0.03056 0.03056 0.03056 0.03056 0.03056
 0.03056 0.03057 0.03057 0.03057 0.03057 0.03057 0.03058 0.03058
 0.03058 0.03058 0.03058 0.03058 0.03059 0.03059 0.03059 0.03059
 0.03059 0.03059 0.03060 0.03060 0.03060 0.03060 0.03061 0.03061
 0.03061 0.03062 0.03062 0.03063 0.03063 0.03064 0.03064 0.03065
 0.03065 0.03066 0.03066 0.03067 0.03067 0.03068 0.03068 0.03069
 0.03069 0.03070 0.03070 0.03070 0.03071 0.03071 0.03072 0.03072
 0.03073 0.03073 0.03074 0.03074 0.03075 0.03075 0.03076 0.03076
 0.03077 0.03077 0.03078 0.03078 0.03079 0.03079 0.03080 0.03081
 0.03081 0.03082 0.03083 0.03083 0.03084 0.03084 0.03085 0.03086
 0.03086 0.03087 0.03088 0.03088 0.03089 0.03089 0.03090 0.03091
 0.03091 0.03092 0.03092 0.03093 0.03094 0.03094 0.03095 0.03096
 0.03096 0.03097 0.03097 0.03098 0.03099 0.03099 0.03100 0.03101
 0.03101 0.03102 0.03102 0.03103 0.03104 0.03105 0.03105 0.03106
 0.03107 0.03108 0.03109 0.03109 0.03110 0.03111 0.03112 0.03113
 0.03113 0.03114 0.03115 0.03116 0.03116 0.03117 0.03118 0.03119
 0.03120 0.03120 0.03121 0.03122 0.03123 0.03124 0.03124 0.03125
 0.03126 0.03127 0.03128 0.03128 0.03129 0.03130 0.03131 0.03132
 0.03132 0.03133 0.03134 0.03135 0.03136 0.03137 0.03137 0.03138
 0.03139 0.03140 0.03141 0.03142 0.03143 0.03144 0.03145 0.03146
 0.03147 0.03148 0.03149 0.03150 0.03151 0.03152 0.03153 0.03154
 0.03155 0.03156 0.03157 0.03158 0.03159 0.03160 0.03161 0.03162
 0.03163 0.03164 0.03165 0.03166 0.03167 0.03168 0.03169 0.03169
 0.03170 0.03171 0.03172 0.03173 0.03174 0.03175 0.03176 0.03177
 0.03178 0.03179 0.03181 0.03182 0.03183 0.03184 0.03185 0.03186
 0.03187 0.03188 0.03189 0.03190 0.03191 0.03192 0.03193 0.03194
 0.03195 0.03196 0.03197 0.03198 0.03199 0.03200 0.03201 0.03202
 0.03203 0.03204 0.03205 0.03206 0.03207 0.03208 0.03209 0.03210
 0.03211 0.03212 0.03213 0.03214 0.03215 0.03216 0.03217 0.03218
 0.03219 0.03220 0.03221 0.03222 0.03223 0.03224 0.03225 0.03226
 0.03227 0.03228 0.03229 0.03230 0.03231 0.03232 0.03233 0.03234
 0.03235 0.03236 0.03237 0.03238 0.03238 0.03239 0.03240 0.03241
 0.03242 0.03243 0.03244 0.03245 0.03246 0.03247 0.03248 0.03249
 0.03250 0.03251 0.03252 0.03253 0.03254 0.03255 0.03256 0.03256
 0.03257 0.03258 0.03259 0.03260 0.03261 0.03261 0.03262 0.03263
 0.03264 0.03265 0.03266 0.03267 0.03267 0.03268 0.03269 0.03270
 0.03271 0.03272 0.03273 0.03273 0.03274 0.03275 0.03276 0.03277
 0.03278 0.03279 0.03279 0.03280 0.03281 0.03282 0.03283 0.03284
 0.03285 0.03285 0.03286 0.03287 0.03288 0.03289 0.03290 0.03290
 0.03291 0.03292 0.03293 0.03293 0.03294 0.03295 0.03296 0.03296
 0.03297 0.03298 0.03299 0.03299 0.03300 0.03301 0.03302 0.03302
 0.03303 0.03304 0.03305 0.03305 0.03306 0.03307 0.03307 0.03308
 0.03309 0.03310 0.03310 0.03311 0.03312 0.03313 0.03313 0.03314
 0.03315 0.03316 0.03316 0.03317 0.03318 0.03319 0.03319 0.03320
 0.03321 0.03322 0.03322 0.03323 0.03324 0.03324 0.03325 0.03326
 0.03327 0.03327 0.03328 0.03329 0.03329 0.03330 0.03331 0.03332
 0.03332 0.03333 0.03334 0.03334 0.03335 0.03336 0.03336 0.03337
 0.03338 0.03339 0.03339 0.03340 0.03341 0.03341 0.03342 0.03343
 0.03344 0.03344 0.03345 0.03346 0.03347 0.03348 0.03349 0.03350
 0.03351 0.03353 0.03354 0.03355 0.03356 0.03357 0.03359 0.03360
 0.03361 0.03362 0.03363 0.03365 0.03366 0.03367 0.03368 0.03369
 0.03371 0.03372 0.03373 0.03374 0.03375 0.03377 0.03378 0.03379
 0.03380 0.03381 0.03383 0.03384 0.03385 0.03386 0.03388 0.03389
 0.03390 0.03391 0.03392 0.03394 0.03395 0.03396 0.03397 0.03399
 0.03400 0.03401 0.03403 0.03404 0.03405 0.03407 0.03408 0.03409
 0.03411 0.03412 0.03413 0.03415 0.03416 0.03418 0.03419 0.03420
 0.03422 0.03423 0.03424 0.03426 0.03427 0.03428 0.03430 0.03431
 0.03432 0.03434 0.03435 0.03436 0.03438 0.03439 0.03440 0.03442
 0.03443 0.03445 0.03446 0.03447 0.03449 0.03450 0.03451 0.03453
 0.03454 0.03456 0.03457 0.03459 0.03461 0.03462 0.03464 0.03465
 0.03467 0.03468 0.03470 0.03472 0.03473 0.03475 0.03476 0.03478
 0.03479 0.03481 0.03483 0.03484 0.03486 0.03487 0.03489 0.03490
 0.03492 0.03494 0.03495 0.03497 0.03498 0.03500 0.03501 0.03503
 0.03505 0.03506 0.03508 0.03509 0.03511 0.03512 0.03514 0.03516
 0.03518 0.03520 0.03522 0.03523 0.03525 0.03527 0.03529 0.03531
 0.03533 0.03535 0.03537 0.03539 0.03541 0.03543 0.03545 0.03547
 0.03549 0.03551 0.03553 0.03555 0.03557 0.03559 0.03561 0.03563
 0.03564 0.03566 0.03568 0.03570 0.03572 0.03574 0.03576 0.03578
 0.03580 0.03582 0.03584 0.03586 0.03588 0.03590 0.03592 0.03594
 0.03596 0.03598 0.03601 0.03603 0.03606 0.03608 0.03611 0.03613
 0.03615 0.03618 0.03620 0.03623 0.03625 0.03627 0.03630 0.03632
 0.03635 0.03637 0.03640 0.03642 0.03644 0.03647 0.03649 0.03652
 0.03654 0.03656 0.03659 0.03661 0.03664 0.03666 0.03669 0.03671
 0.03673 0.03676 0.03678 0.03681 0.03683 0.03685 0.03688 0.03690
 0.03693 0.03696 0.03699 0.03702 0.03705 0.03707 0.03711 0.03716
 0.03721 0.03725 0.03730 0.03735 0.03739 0.03744 0.03749 0.03753
 0.03758 0.03763 0.03767 0.03772 0.03777 0.03781 0.03786 0.03791
 0.03795 0.03800 0.03805 0.03809 0.03814 0.03819 0.03823 0.03828
 0.03833 0.03837 0.03842 0.03847 0.03851 0.03856 0.03861 0.03865
 0.03870 0.03876 0.03881 0.03887 0.03892 0.03898 0.03903 0.03909
 0.03914 0.03920 0.03925 0.03930 0.03936 0.03941 0.03947 0.03952
 0.03958 0.03963 0.03969 0.03974 0.03979 0.03985 0.03990 0.03996
 0.04001 0.04007 0.04012 0.04018 0.04023 0.04029 0.04034 0.04039
 0.04045 0.04050 0.04056 0.04061 0.04067 0.04072 0.04078 0.04083
 0.04089 0.04095 0.04101 0.04107 0.04113 0.04119 0.04126 0.04132
 0.04138 0.04144 0.04150 0.04156 0.04163 0.04169 0.04179 0.04189
 0.04199 0.04209 0.04219 0.04229 0.04238 0.04248 0.04258 0.04268
 0.04278 0.04288 0.04298 0.04308 0.04318 0.04328 0.04337 0.04347
 0.04357 0.04367 0.04377 0.04387 0.04397 0.04407 0.04417 0.04427
 0.04437 0.04447 0.04458 0.04469 0.04480 0.04491 0.04502 0.04512
 0.04523 0.04534 0.04545 0.04556 0.04567 0.04578 0.04589 0.04599
 0.04610 0.04621 0.04632 0.04643 0.04654 0.04665 0.04675 0.04686
 0.04697 0.04708 0.04719 0.04730 0.04741 0.04753 0.04769 0.04787
 0.04804 0.04822 0.04839 0.04857 0.04874 0.04892 0.04910 0.04927
 0.04945 0.04963 0.04982 0.05001 0.05020 0.05039 0.05058 0.05077
 0.05096 0.05115 0.05134 0.05153 0.05172 0.05191 0.05210 0.05229
 0.05248 0.05267 0.05286 0.05305 0.05324 0.05343 0.05362 0.05381
 0.05400 0.05419 0.05438 0.05457 0.05477 0.05499 0.05529 0.05560
 0.05590 0.05621 0.05652 0.05682 0.05713 0.05744 0.05774 0.05805
 0.05836 0.05866 0.05900 0.05933 0.05966 0.05999 0.06032 0.06066
 0.06099 0.06132 0.06165 0.06198 0.06231 0.06265 0.06298 0.06331
 0.06364 0.06397 0.06433 0.06485 0.06538 0.06592 0.06645 0.06698
 0.06752 0.06805 0.06859 0.06912 0.06966 0.07019 0.07073 0.07126
 0.07180 0.07233 0.07287 0.07340 0.07394 0.07447 0.07500 0.07554
 0.07608 0.07685 0.07774 0.07865 0.07956 0.08046 0.08137 0.08228
 0.08319 0.08410 0.08500 0.08591 0.08682 0.08773 0.08864 0.08954
 0.09045 0.09143 0.09284 0.09430 0.09576 0.09722 0.09868 0.10015
 0.10161 0.10307 0.10453 0.10599 0.10746 0.10892 0.11045 0.11265
 0.11500 0.11736 0.11971 0.12207 0.12442 0.12678 0.12913 0.13148
 0.13384 0.13701 0.14085 0.14473 0.14860 0.15247 0.15635 0.16022
 0.16410 0.16931 0.17556 0.18179 0.18803 0.19427 0.20051 0.20793 /

REGIONS
SATNUM
 1 1 1 1 1 1 1 1 1 1 1 1 1 1 1 1 1 1 1 1
 1 1 1 1 1 1 1 1 1 1 1 1 1 1 1 1 1 1 1 1
 1 1 1 1 1 1 1 1 1 1 1 1 1 1 1 1 1 1 1 1
 1 1 1 1 1 1 1 1 1 1 1 1 1 1 1 1 1 1 1 1
 1 1 1 1 1 1 1 1 1 1 1 1 1 1 1 1 1 1 1 1
 1 1 1 1 1 1 1 1 1 1 1 1 1 1 1 1 1 1 1 1
 1 1 1 1 1 1 1 1 1 1 1 1 1 1 1 1 1 1 1 1
 1 1 1 1 1 1 1 1 1 1 1 1 1 1 1 1 1 1 1 1
 1 1 1 1 1 1 1 1 1 1 1 1 1 1 1 1 1 1 1 1
 1 1 1 1 1 1 1 1 1 1 1 1 1 1 1 1 1 1 1 1
 1 1 1 1 1 1 1 1 1 1 1 1 1 1 1 1 1 1 1 1
 1 1 1 1 1 1 1 1 1 1 1 1 1 1 1 1 1 1 1 1
 1 1 1 1 1 1 1 1 1 1 1 1 1 1 1 1 1 1 1 1
 1 1 1 1 1 1 1 1 1 1 1 1 1 1 1 1 1 1 1 1
 1 1 1 1 1 1 1 1 1 1 1 1 1 1 1 1 1 1 1 1
 1 1 1 1 1 1 1 1 1 1 1 1 1 1 1 1 1 1 1 1
 1 1 1 1 1 1 1 1 1 1 1 1 1 1 1 1 1 1 1 1
 1 1 1 1 1 1 1 1 1 1 1 1 1 1 1 1 1 1 1 1
 1 1 1 1 1 1 1 1 1 1 1 1 1 1 1 1 1 1 1 1
 1 1 1 1 1 1 1 1 1 1 1 1 1 1 1 1 1 1 1 1
 1 1 1 1 1 1 1 1 1 1 1 1 1 1 1 1 1 1 1 1
 1 1 1 1 1 1 1 1 1 1 1 1 1 1 1 1 1 1 1 1
 1 1 1 1 1 1 1 1 1 1 1 1 1 1 1 1 1 1 1 1
 1 1 1 1 1 1 1 1 1 1 1 1 1 1 1 1 1 1 1 1
 1 1 1 1 1 1 1 1 1 1 1 1 1 1 1 1 1 1 1 1
 1 1 1 1 1 1 1 1 1 1 1 1 1 1 1 1 1 1 1 1
 1 1 1 1 1 1 1 1 1 1 1 1 1 1 1 1 1 1 1 1
 1 1 1 1 1 1 1 1 1 1 1 1 1 1 1 1 1 1 1 1
 1 1 1 1 1 1 1 1 1 1 1 1 1 1 1 1 1 1 1 1
 1 1 1 1 1 1 1 1 1 1 1 1 1 1 1 1 1 1 1 1
 1 1 1 1 1 1 1 1 1 1 1 1 1 1 1 1 1 1 1 1
 1 1 1 1 1 1 1 1 1 1 1 1 1 1 1 1 1 1 1 1
 1 1 1 1 1 1 1 1 1 1 1 1 1 1 1 1 1 1 1 1
 1 1 1 1 1 1 1 1 1 1 1 1 1 1 1 1 1 1 1 1
 1 1 1 1 1 1 1 1 1 1 1 1 1 1 1 1 1 1 1 1
 1 1 1 1 1 1 1 1 1 1 1 1 1 1 1 1 1 1 1 1
 1 1 1 1 1 1 1 1 1 1 1 1 1 1 1 1 1 1 1 1
 1 1 1 1 1 1 1 1 1 1 1 1 1 1 1 1 1 1 1 1
 1 1 1 1 1 1 1 1 1 1 1 1 1 1 1 1 1 1 1 1
 1 1 1 1 1 1 1 1 1 1 1 1 1 1 1 1 1 1 1 1
 1 1 1 1 1 1 1 1 1 1 1 1 1 1 1 1 1 1 1 1
 1 1 1 1 1 1 1 1 1 1 1 1 1 1 1 1 1 1 1 1
 1 1 1 1 1 1 1 1 1 1 1 1 1 1 1 1 1 1 1 1
 1 1 1 1 1 1 1 1 1 1 1 1 1 1 1 1 1 1 1 1
 1 1 1 1 1 1 1 1 1 1 1 1 1 1 1 1 1 1 1 1
 1 1 1 1 1 1 1 1 1 1 1 1 1 1 1 1 1 1 1 1
 1 1 1 1 1 1 1 1 1 1 1 1 1 1 1 1 1 1 1 1
 1 1 1 1 1 1 1 1 1 1 1 1 1 1 1 1 1 1 1 1
 1 1 1 1 1 1 1 1 1 1 1 1 1 1 1 1 1 1 1 1
 1 1 1 1 1 1 1 1 1 1 1 1 1 1 1 1 1 1 1 1
 1 1 1 1 1 1 1 1 1 1 1 1 1 1 1 1 1 1 1 1
 1 1 1 1 1 1 1 1 1 1 1 1 1 1 1 1 1 1 1 1
 1 1 1 1 1 1 1 1 1 1 1 1 1 1 1 1 1 1 1 1
 1 1 1 1 1 1 1 1 1 1 1 1 1 1 1 1 1 1 1 1
 1 1 1 1 1 1 1 1 1 1 1 1 1 1 1 1 1 1 1 1
 1 1 1 1 1 1 1 1 1 1 1 1 1 1 1 1 1 1 1 1
 1 1 1 1 1 1 1 1 1 1 1 1 1 1 1 1 1 1 1 1
 1 1 1 1 1 1 1 1 1 1 1 1 1 1 1 1 1 1 1 1
 1 1 1 1 1 1 1 1 1 1 1 1 1 1 1 1 1 1 1 1
 1 1 1 1 1 1 1 1 1 1 1 1 1 1 1 1 1 1 1 1
 1 1 1 1 1 1 1 1 1 1 1 1 1 1 1 1 1 1 1 1
 1 1 1 1 1 1 1 1 1 1 1 1 1 1 1 1 1 1 1 1
 1 1 1 1 1 1 1 1 1 1 1 1 1 1 1 1 1 1 1 1
 1 1 1 1 1 1 1 1 1 1 1 1 1 1 1 1 1 1 1 1
 1 1 1 1 1 1 1 1 1 1 1 1 1 1 1 1 1 1 1 1
 1 1 1 1 1 1 1 1 1 1 1 1 1 1 1 1 1 1 1 1
 1 1 1 1 1 1 1 1 1 1 1 1 1 1 1 1 1 1 1 1
 1 1 1 1 1 1 1 1 1 1 1 1 1 1 1 1 1 1 1 1
 1 1 1 1 1 1 1 1 1 1 1 1 1 1 1 1 1 1 1 1
 1 1 1 1 1 1 1 1 1 1 1 1 1 1 1 1 1 1 1 1
 1 1 1 1 1 1 1 1 1 1 1 1 1 1 1 1 1 1 1 1
 1 1 1 1 1 1 1 1 1 1 1 1 1 1 1 1 1 1 1 1
 1 1 1 1 1 1 1 1 1 1 1 1 1 1 1 1 1 1 1 1
 1 1 1 1 1 1 1 1 1 1 1 1 1 1 1 1 1 1 1 1
 1 1 1 1 1 1 1 1 1 1 1 1 1 1 1 1 1 1 1 1
 1 1 1 1 1 1 1 1 1 1 1 1 1 1 1 1 1 1 1 1
 1 1 1 1 1 1 1 1 1 1 1 1 1 1 1 1 1 1 1 1
 1 1 1 1 1 1 1 1 1 1 1 1 1 1 1 1 1 1 1 1
 1 1 1 1 1 1 1 1 1 1 1 1 1 1 1 1 1 1 1 1
 1 1 1 1 1 1 1 1 1 1 1 1 1 1 1 1 1 1 1 1
 1 1 1 1 1 1 1 1 1 1 1 1 1 1 1 1 1 1 1 1
 1 1 1 1 1 1 1 1 1 1 1 1 1 1 1 1 1 1 1 1
 1 1 1 1 1 1 1 1 1 1 1 1 1 1 1 1 /
EQLNUM
 1 1 1 1 1 1 1 1 1 1 1 1 1 1 1 1 1 1 1 1
 1 1 1 1 1 1 1 1 1 1 1 1 1 1 1 1 1 1 1 1
 1 1 1 1 1 1 1 1 1 1 1 1 1 1 1 1 1 1 1 1
 1 1 1 1 1 1 1 1 1 1 1 1 1 1 1 1 1 1 1 1
 1 1 1 1 1 1 1 1 1 1 1 1 1 1 1 1 1 1 1 1
 1 1 1 1 1 1 1 1 1 1 1 1 1 1 1 1 1 1 1 1
 1 1 1 1 1 1 1 1 1 1 1 1 1 1 1 1 1 1 1 1
 1 1 1 1 1 1 1 1 1 1 1 1 1 1 1 1 1 1 1 1
 1 1 1 1 1 1 1 1 1 1 1 1 1 1 1 1 1 1 1 1
 1 1 1 1 1 1 1 1 1 1 1 1 1 1 1 1 1 1 1 1
 1 1 1 1 1 1 1 1 1 1 1 1 1 1 1 1 1 1 1 1
 1 1 1 1 1 1 1 1 1 1 1 1 1 1 1 1 1 1 1 1
 1 1 1 1 1 1 1 1 1 1 1 1 1 1 1 1 1 1 1 1
 1 1 1 1 1 1 1 1 1 1 1 1 1 1 1 1 1 1 1 1
 1 1 1 1 1 1 1 1 1 1 1 1 1 1 1 1 1 1 1 1
 1 1 1 1 1 1 1 1 1 1 1 1 1 1 1 1 1 1 1 1
 1 1 1 1 1 1 1 1 1 1 1 1 1 1 1 1 1 1 1 1
 1 1 1 1 1 1 1 1 1 1 1 1 1 1 1 1 1 1 1 1
 1 1 1 1 1 1 1 1 1 1 1 1 1 1 1 1 1 1 1 1
 1 1 1 1 1 1 1 1 1 1 1 1 1 1 1 1 1 1 1 1
 1 1 1 1 1 1 1 1 1 1 1 1 1 1 1 1 1 1 1 1
 1 1 1 1 1 1 1 1 1 1 1 1 1 1 1 1 1 1 1 1
 1 1 1 1 1 1 1 1 1 1 1 1 1 1 1 1 1 1 1 1
 1 1 1 1 1 1 1 1 1 1 1 1 1 1 1 1 1 1 1 1
 1 1 1 1 1 1 1 1 1 1 1 1 1 1 1 1 1 1 1 1
 1 1 1 1 1 1 1 1 1 1 1 1 1 1 1 1 1 1 1 1
 1 1 1 1 1 1 1 1 1 1 1 1 1 1 1 1 1 1 1 1
 1 1 1 1 1 1 1 1 1 1 1 1 1 1 1 1 1 1 1 1
 1 1 1 1 1 1 1 1 1 1 1 1 1 1 1 1 1 1 1 1
 1 1 1 1 1 1 1 1 1 1 1 1 1 1 1 1 1 1 1 1
 1 1 1 1 1 1 1 1 1 1 1 1 1 1 1 1 1 1 1 1
 1 1 1 1 1 1 1 1 1 1 1 1 1 1 1 1 1 1 1 1
 1 1 1 1 1 1 1 1 1 1 1 1 1 1 1 1 1 1 1 1
 1 1 1 1 1 1 1 1 1 1 1 1 1 1 1 1 1 1 1 1
 1 1 1 1 1 1 1 1 1 1 1 1 1 1 1 1 1 1 1 1
 1 1 1 1 1 1 1 1 1 1 1 1 1 1 1 1 1 1 1 1
 1 1 1 1 1 1 1 1 1 1 1 1 1 1 1 1 1 1 1 1
 1 1 1 1 1 1 1 1 1 1 1 1 1 1 1 1 1 1 1 1
 1 1 1 1 1 1 1 1 1 1 1 1 1 1 1 1 1 1 1 1
 1 1 1 1 1 1 1 1 1 1 1 1 1 1 1 1 1 1 1 1
 1 1 1 1 1 1 1 1 1 1 1 1 1 1 1 1 1 1 1 1
 1 1 1 1 1 1 1 1 1 1 1 1 1 1 1 1 1 1 1 1
 1 1 1 1 1 1 1 1 1 1 1 1 1 1 1 1 1 1 1 1
 1 1 1 1 1 1 1 1 1 1 1 1 1 1 1 1 1 1 1 1
 1 1 1 1 1 1 1 1 1 1 1 1 1 1 1 1 1 1 1 1
 1 1 1 1 1 1 1 1 1 1 1 1 1 1 1 1 1 1 1 1
 1 1 1 1 1 1 1 1 1 1 1 1 1 1 1 1 1 1 1 1
 1 1 1 1 1 1 1 1 1 1 1 1 1 1 1 1 1 1 1 1
 1 1 1 1 1 1 1 1 1 1 1 1 1 1 1 1 1 1 1 1
 1 1 1 1 1 1 1 1 1 1 1 1 1 1 1 1 1 1 1 1
 1 1 1 1 1 1 1 1 1 1 1 1 1 1 1 1 1 1 1 1
 1 1 1 1 1 1 1 1 1 1 1 1 1 1 1 1 1 1 1 1
 1 1 1 1 1 1 1 1 1 1 1 1 1 1 1 1 1 1 1 1
 1 1 1 1 1 1 1 1 1 1 1 1 1 1 1 1 1 1 1 1
 1 1 1 1 1 1 1 1 1 1 1 1 1 1 1 1 1 1 1 1
 1 1 1 1 1 1 1 1 1 1 1 1 1 1 1 1 1 1 1 1
 1 1 1 1 1 1 1 1 1 1 1 1 1 1 1 1 1 1 1 1
 1 1 1 1 1 1 1 1 1 1 1 1 1 1 1 1 1 1 1 1
 1 1 1 1 1 1 1 1 1 1 1 1 1 1 1 1 1 1 1 1
 1 1 1 1 1 1 1 1 1 1 1 1 1 1 1 1 1 1 1 1
 1 1 1 1 1 1 1 1 1 1 1 1 1 1 1 1 1 1 1 1
 1 1 1 1 1 1 1 1 1 1 1 1 1 1 1 1 1 1 1 1
 1 1 1 1 1 1 1 1 1 1 1 1 1 1 1 1 1 1 1 1
 1 1 1 1 1 1 1 1 1 1 1 1 1 1 1 1 1 1 1 1
 1 1 1 1 1 1 1 1 1 1 1 1 1 1 1 1 1 1 1 1
 1 1 1 1 1 1 1 1 1 1 1 1 1 1 1 1 1 1 1 1
 1 1 1 1 1 1 1 1 1 1 1 1 1 1 1 1 1 1 1 1
 1 1 1 1 1 1 1 1 1 1 1 1 1 1 1 1 1 1 1 1
 1 1 1 1 1 1 1 1 1 1 1 1 1 1 1 1 1 1 1 1
 1 1 1 1 1 1 1 1 1 1 1 1 1 1 1 1 1 1 1 1
 1 1 1 1 1 1 1 1 1 1 1 1 1 1 1 1 1 1 1 1
 1 1 1 1 1 1 1 1 1 1 1 1 1 1 1 1 1 1 1 1
 1 1 1 1 1 1 1 1 1 1 1 1 1 1 1 1 1 1 1 1
 1 1 1 1 1 1 1 1 1 1 1 1 1 1 1 1 1 1 1 1
 1 1 1 1 1 1 1 1 1 1 1 1 1 1 1 1 1 1 1 1
 1 1 1 1 1 1 1 1 1 1 1 1 1 1 1 1 1 1 1 1
 1 1 1 1 1 1 1 1 1 1 1 1 1 1 1 1 1 1 1 1
 1 1 1 1 1 1 1 1 1 1 1 1 1 1 1 1 1 1 1 1
 1 1 1 1 1 1 1 1 1 1 1 1 1 1 1 1 1 1 1 1
 1 1 1 1 1 1 1 1 1 1 1 1 1 1 1 1 1 1 1 1
 1 1 1 1 1 1 1 1 1 1 1 1 1 1 1 1 1 1 1 1
 1 1 1 1 1 1 1 1 1 1 1 1 1 1 1 1 1 1 1 1
 1 1 1 1 1 1 1 1 1 1 1 1 1 1 1 1 /

SOLUTION
EQUIL
 3200.000 330 3200.000 0 /
RPTRST
 BASIC=2 /

SUMMARY
FOIP

SCHEDULE
TSTEP
 0.001 /
END
